9 1 2 3 7 6 11 12 13 14
14 1 3 8 9 3 8 9 3 9 6 11 12 13 14
18 1 2 3 7 6 9 3 8 7 6 16 18 19 20 3 4 6 10
13 1 3 7 6 9 3 8 9 3 7 6 16 17
25 1 2 3 8 7 6 15 20 3 8 7 6 15 20 3 8 7 6 15 20 3 7 6 16 17
19 1 3 4 5 6 16 18 19 20 3 8 9 6 9 6 11 12 13 14
7 1 2 3 4 5 6 10
128 20 23 26 29 32 35 38 41 44 47 50 53 56 59 62 65 68 71 74 77 80 83 86 89 92 95 98 101 104 107 110 113 116 119 122 125 128 131 134 137 140 143 146 149 152 155 158 161 164 167 170 173 176 179 182 185 188 191 194 197 200 203 206 209 212 215 218 221 224 227 230 233 236 239 242 245 248 251 254 257 260 263 266 269 272 275 278 281 284 287 290 293 296 299 302 305 308 311 314 317 320 323 326 329 332 335 338 341 344 347 350 353 356 359 362 365 368 371 374 377 380 383 386 389 392 395 398 401
64 30 36 42 48 55 61 67 74 80 86 93 99 105 112 118 124 131 137 143 150 156 162 169 175 181 188 194 200 207 213 219 226 235 244 253 263 272 281 290 300 309 318 328 337 346 355 365 374 383 393 401 410 419 428 437 446 455 463 472 481 490 499 508 517
128 17 27 37 48 58 69 79 90 100 111 121 132 143 153 164 174 185 196 206 217 228 238 249 259 270 281 291 302 313 323 334 345 357 370 383 395 408 421 433 446 459 471 484 497 509 522 535 548 561 575 589 602 616 630 643 657 671 684 698 712 725 739 753 767 780 794 808 822 836 850 864 878 891 905 919 933 947 961 975 988 1002 1016 1030 1044 1058 1072 1086 1099 1113 1127 1141 1155 1169 1183 1197 1210 1224 1238 1252 1266 1280 1294 1308 1322 1336 1349 1363 1377 1391 1405 1419 1433 1447 1461 1475 1488 1502 1516 1530 1544 1558 1572 1586 1600 1614 1627 1641 1655
128 5 6 7 8 10 11 12 14 15 16 17 18 19 20 21 22 23 24 26 27 28 29 30 32 33 34 35 36 38 39 40 41 43 45 47 49 51 52 54 56 58 60 62 64 66 68 70 71 73 75 77 78 80 82 83 85 87 88 90 92 94 95 97 99 100 102 104 106 108 109 111 113 115 116 118 120 122 124 125 127 129 131 133 134 136 138 140 142 143 145 147 149 151 152 154 156 158 160 163 165 167 169 171 174 176 178 180 182 185 187 189 191 194 196 198 200 202 205 207 209 211 214 216 218 220 222 225 227
96 13 20 27 34 41 48 55 62 67 76 83 90 98 104 111 118 125 132 139 146 153 160 167 174 181 188 195 202 209 216 223 230 233 244 251 258 265 272 279 286 293 300 307 314 321 328 335 342 349 356 363 370 377 384 391 398 405 412 419 426 430 440 447 454 461 468 475 482 489 496 503 510 517 524 531 538 545 552 559 566 573 580 587 594 601 608 615 622 629 636 643 650 657 664 671 678
128 15 21 27 33 40 46 52 59 65 72 78 85 91 98 104 111 119 126 134 142 150 157 165 173 180 188 196 204 211 219 227 235 244 253 262 271 280 289 298 307 316 325 334 344 353 362 371 380 392 403 415 427 439 450 462 474 486 497 509 521 533 544 556 568 577 587 596 606 615 625 634 644 653 663 672 682 691 701 710 720 729 739 748 758 767 777 786 796 805 815 824 834 843 853 862 872 884 897 910 923 936 948 961 974 987 1000 1012 1025 1038 1051 1064 1076 1089 1102 1115 1128 1141 1153 1166 1179 1192 1205 1217 1230 1243 1256 1269 1281
128 25 38 52 65 79 92 106 119 132 146 159 172 185 199 212 225 240 255 270 284 299 314 329 344 358 373 388 403 418 432 446 459 472 486 499 512 526 539 552 566 579 592 606 619 632 646 659 674 690 705 720 735 751 766 781 796 812 827 842 858 873 888 903 917 932 946 961 975 990 1004 1019 1033 1048 1062 1077 1091 1106 1121 1135 1150 1164 1179 1193 1208 1222 1237 1251 1266 1280 1295 1309 1324 1338 1353 1367 1382 1398 1414 1430 1446 1462 1478 1494 1510 1526 1542 1558 1574 1590 1606 1621 1637 1653 1669 1685 1701 1717 1733 1749 1765 1781 1797 1813 1829 1845 1861 1877 1893
64 5 9 13 17 21 24 28 31 35 38 41 45 48 51 54 57 60 63 66 69 72 75 77 80 83 86 88 91 94 96 99 102 104 107 109 112 115 117 120 122 125 128 130 133 135 138 141 144 146 149 152 155 157 160 163 166 169 172 175 179 182 185 188 192
128 27 37 48 58 69 80 90 101 109 117 125 133 141 149 157 165 173 181 189 197 206 214 222 230 238 246 254 262 271 279 287 295 315 336 356 376 396 417 437 457 478 498 518 538 559 579 599 620 609 599 589 579 568 558 548 537 527 517 507 496 486 476 466 455 470 484 499 513 528 542 557 571 586 600 615 629 644 658 673 687 702 716 731 745 760 774 788 803 817 832 846 861 875 890 904 919 930 942 954 965 977 989 1000 1012 1024 1035 1047 1059 1070 1082 1094 1105 1117 1129 1140 1152 1163 1175 1187 1198 1210 1222 1233 1245 1257 1268 1280 1292
115 3 3 3 3 3 3 3 3 3 3 3 3 3 3 3 4 4 4 4 4 4 4 4 4 4 4 4 4 4 4 4 4 4 4 4 4 4 4 4 4 4 5 5 5 5 5 5 5 5 5 5 5 5 5 5 5 5 5 5 5 5 5 6 6 6 6 6 6 6 6 6 6 6 6 6 7 7 7 7 7 7 7 7 7 7 7 7 7 7 7 7 7 7 7 7 7 8 8 8 8 8 8 8 8 8 8 8 8 8 8 8 8 8 8 8
49 7 12 18 24 30 36 42 48 54 60 66 72 78 84 90 96 102 108 114 120 126 132 138 144 150 156 162 168 174 180 186 192 196 201 206 211 216 221 226 231 235 240 245 250 255 260 265 270 275
64 5 11 17 22 27 32 37 42 47 52 56 60 64 69 73 77 80 84 88 92 95 99 102 105 109 112 116 119 122 126 129 132 135 139 142 146 149 152 156 160 163 167 171 174 178 182 187 191 195 200 204 209 214 219 224 229 234 240 246 252 258 264 270 277
50 4 6 8 11 13 15 18 20 22 25 26 27 28 29 30 31 32 33 34 35 35 36 37 38 39 40 41 42 43 44 44 45 46 47 48 48 49 50 51 52 52 53 54 55 56 56 57 58 59 60
128 6 13 20 27 33 40 46 53 59 65 71 77 83 89 95 100 106 112 117 122 128 133 138 144 149 154 159 164 169 174 179 184 188 193 198 203 207 212 216 221 225 230 234 239 243 248 252 257 261 266 270 274 279 283 287 292 296 301 305 309 314 318 323 327 332 336 341 345 350 354 359 364 368 373 378 382 387 392 397 402 407 412 417 422 428 433 438 444 449 455 460 466 471 477 483 489 495 501 507 514 520 526 533 539 546 553 560 567 574 581 588 595 603 610 618 626 634 642 650 658 666 675 683 692 701 710 719 728
16 10 18 26 34 43 49 56 63 70 76 80 86 93 100 110 113
51 7 15 23 31 38 46 53 60 68 75 82 89 96 102 109 116 122 129 135 142 148 155 161 167 173 179 185 192 198 204 209 215 221 227 233 239 245 250 256 262 268 273 279 285 291 296 302 308 314 320 325
8 10 12 15 18 21 24 27 30
128 13 20 27 34 41 48 55 62 67 73 78 83 88 93 98 104 110 116 122 128 134 141 147 153 159 165 171 177 184 190 196 202 208 214 223 232 241 249 258 267 276 285 293 302 311 320 329 337 346 354 363 371 380 388 396 405 413 422 430 438 447 455 464 472 482 491 501 510 520 529 539 548 558 568 577 587 596 606 615 625 635 644 654 663 673 682 692 702 711 721 730 740 749 759 769 778 789 799 810 821 831 842 853 863 874 885 895 906 917 927 938 949 959 970 981 991 1002 1013 1023 1034 1045 1055 1066 1076 1087 1098 1108 1119
81 4 9 14 19 24 29 33 38 43 47 52 56 61 65 70 74 78 83 87 91 95 99 104 108 112 116 120 124 128 132 135 139 143 147 151 154 158 162 165 169 173 176 180 183 187 191 194 198 201 205 208 211 215 218 222 225 228 232 235 238 242 245 248 252 255 258 261 265 268 271 274 278 281 284 287 291 294 297 300 304 307
128 10 15 21 27 32 38 44 50 55 61 67 72 78 84 89 95 101 106 112 117 123 128 134 139 145 150 156 161 167 172 178 183 190 196 202 209 215 221 227 234 240 246 253 259 265 271 278 284 291 297 304 311 317 324 331 337 344 351 357 364 371 377 384 390 397 403 409 416 422 428 435 441 447 454 460 466 473 479 485 492 498 504 511 517 523 530 536 542 548 555 561 567 574 580 586 593 599 606 613 619 626 633 640 646 653 660 666 673 680 686 693 700 706 713 720 726 733 740 747 753 760 767 773 780 787 793 800 807
3 5 8 11 14 17 29 73
1 13 20
200
0 1000006 1 33937 248
1 1000006 7 39756 244
2 1000005 5 28632 71
3 1000004 2 99065 48
4 1000009 7 32835 75
5 1000004 1 95661 37
6 1000005 4 73376 51
7 1000005 4 41445 104
8 1000008 4 58025 133
9 1000000 7 71920 7
10 1000001 6 52275 0
11 1000009 4 43665 124
12 1000005 6 8256 97
13 1000009 2 31276 72
14 1000008 4 11956 41
15 1000005 5 64132 55
16 1000004 5 38154 63
17 1000008 3 70817 104
18 1000009 5 77021 147
19 1000007 1 78157 197
20 1000005 5 31734 148
21 1000002 2 24476 16
22 1000009 6 34087 243
23 1000001 1 88962 66
24 1000002 1 10519 200
25 1000008 3 68393 120
26 1000003 6 77307 214
27 1000009 3 59057 252
28 1000005 1 42510 59
29 1000007 5 82595 171
30 1000003 2 2125 138
31 1000001 6 28897 190
32 1000002 3 55854 31
33 1000001 7 19184 112
34 1000000 7 75218 37
35 1000000 1 83231 96
36 1000009 7 75492 61
37 1000006 1 48515 59
38 1000000 5 2836 99
39 1000002 6 16240 245
40 1000003 6 8007 11
41 1000008 4 81344 51
42 1000004 1 28945 36
43 1000004 3 57157 92
44 1000000 5 61228 20
45 1000009 1 91662 200
46 1000003 3 46997 240
47 1000009 2 91449 104
48 1000000 7 88632 81
49 1000002 3 69400 128
50 1000001 5 57975 89
51 1000000 4 89297 209
52 1000009 7 66664 159
53 1000005 4 86196 128
54 1000002 5 90548 6
55 1000007 6 10365 171
56 1000000 5 36816 69
57 1000003 7 63155 180
58 1000009 3 88265 183
59 1000009 6 81406 67
60 1000004 4 98106 212
61 1000001 1 77933 98
62 1000005 2 31381 114
63 1000007 4 93107 212
64 1000000 4 91991 214
65 1000000 2 58374 32
66 1000004 6 20669 228
67 1000008 4 73585 0
68 1000000 4 42723 159
69 1000007 1 54413 96
70 1000008 6 10941 66
71 1000000 4 88935 213
72 1000005 1 27988 7
73 1000000 7 88574 50
74 1000003 1 79739 101
75 1000004 3 90249 93
76 1000001 4 51996 41
77 1000000 3 59373 59
78 1000004 2 85665 177
79 1000001 7 20243 142
80 1000000 1 5330 105
81 1000004 5 41251 187
82 1000009 7 5506 253
83 1000007 6 57075 190
84 1000008 2 27243 192
85 1000009 3 1167 70
86 1000002 3 43701 172
87 1000005 6 12283 173
88 1000009 1 5401 138
89 1000002 2 76475 148
90 1000005 4 71891 66
91 1000004 1 62661 122
92 1000000 3 23539 36
93 1000004 4 43060 153
94 1000006 1 13029 246
95 1000007 3 45044 63
96 1000007 1 91698 254
97 1000006 1 39572 171
98 1000002 2 82149 192
99 1000001 1 11098 101
100 1000003 1 50439 4
101 1000001 4 72939 148
102 1000007 4 76663 111
103 1000006 1 48278 112
104 1000004 5 21835 220
105 1000003 3 15075 32
106 1000000 5 59194 103
107 1000001 4 52161 131
108 1000003 6 5519 110
109 1000009 2 13715 101
110 1000007 4 47402 77
111 1000001 5 63951 75
112 1000009 4 83672 216
113 1000008 4 89040 165
114 1000007 4 83240 103
115 1000008 5 28676 4
116 1000005 6 97916 162
117 1000005 1 68827 75
118 1000004 5 20435 194
119 1000009 3 94127 240
120 1000001 7 11095 20
121 1000001 2 17105 20
122 1000004 1 99471 229
123 1000005 7 21062 76
124 1000007 3 66192 195
125 1000008 5 4407 46
126 1000008 7 78662 39
127 1000006 7 27015 148
128 1000008 5 54768 246
129 1000006 5 76860 119
130 1000000 6 32 93
131 1000004 5 74746 130
132 1000005 1 64686 134
133 1000004 7 53487 196
134 1000006 1 21469 65
135 1000003 3 95611 171
136 1000000 1 63089 213
137 1000002 4 78901 41
138 1000002 7 46239 210
139 1000000 5 61117 197
140 1000007 1 13302 241
141 1000002 1 4256 67
142 1000005 1 91761 177
143 1000003 4 64268 56
144 1000000 5 91858 239
145 1000009 6 44285 63
146 1000009 3 16661 198
147 1000004 6 89261 62
148 1000008 7 24790 19
149 1000006 4 48704 97
150 1000007 3 82840 38
151 1000000 1 63723 130
152 1000000 5 87361 110
153 1000003 1 82239 215
154 1000008 3 14870 74
155 1000006 5 55320 43
156 1000001 4 8248 50
157 1000006 7 20468 15
158 1000007 4 89971 213
159 1000000 4 42533 129
160 1000001 3 9219 62
161 1000005 6 3851 176
162 1000005 2 1307 118
163 1000005 1 78197 73
164 1000003 1 26843 63
165 1000000 3 48383 12
166 1000009 2 18598 95
167 1000007 1 62482 176
168 1000004 2 3662 106
169 1000005 3 62046 149
170 1000004 5 83351 167
171 1000002 5 10592 52
172 1000008 5 40340 80
173 1000006 2 16415 114
174 1000005 5 31830 121
175 1000002 3 48820 214
176 1000000 7 17333 10
177 1000006 1 92035 37
178 1000002 4 39242 213
179 1000002 5 55338 152
180 1000005 1 32514 227
181 1000005 6 69365 29
182 1000006 4 1105 213
183 1000005 4 26738 190
184 1000004 4 11935 94
185 1000001 3 14701 78
186 1000007 4 24299 215
187 1000006 2 32501 232
188 1000005 5 18687 181
189 1000007 6 83533 44
190 1000007 7 26692 150
191 1000000 7 91619 229
192 1000009 4 1020 111
193 1000004 1 82434 154
194 1000008 5 20477 217
195 1000007 1 88891 254
196 1000003 5 99877 207
197 1000004 6 2834 61
198 1000004 6 5315 0
199 1000004 4 68958 202
200
0 1000007 1 97852 129
1 1000005 3 98989 100
2 1000009 1 4647 36
3 1000004 3 69946 174
4 1000001 5 32644 83
5 1000001 4 37971 144
6 1000008 2 75233 107
7 1000008 1 53845 206
8 1000004 3 57982 190
9 1000009 6 18064 80
10 1000001 6 15797 195
11 1000006 5 61335 71
12 1000008 6 39186 181
13 1000007 6 54409 111
14 1000007 4 91056 162
15 1000007 6 7894 227
16 1000004 2 97677 253
17 1000000 5 28275 13
18 1000005 4 51245 5
19 1000008 1 90033 41
20 1000006 1 47354 21
21 1000001 5 491 138
22 1000004 6 29713 72
23 1000009 3 25062 53
24 1000006 4 93893 169
25 1000006 2 43345 215
26 1000006 2 58628 75
27 1000008 3 16938 106
28 1000002 4 45767 199
29 1000006 7 64482 199
30 1000003 7 25716 224
31 1000003 5 93061 25
32 1000006 1 30675 43
33 1000002 3 7470 88
34 1000003 5 38998 44
35 1000008 7 37281 180
36 1000006 4 7071 220
37 1000009 4 64252 130
38 1000007 2 44197 136
39 1000000 1 6889 83
40 1000005 1 37986 3
41 1000002 1 56066 113
42 1000009 4 73108 113
43 1000007 2 44500 52
44 1000009 1 41816 165
45 1000008 4 42618 130
46 1000000 5 5814 97
47 1000005 1 27472 177
48 1000003 7 26427 128
49 1000004 3 67752 196
50 1000004 4 45081 122
51 1000000 3 72349 37
52 1000000 4 64921 224
53 1000000 7 54018 252
54 1000007 4 15483 43
55 1000001 2 12941 78
56 1000006 2 57756 39
57 1000006 5 98937 201
58 1000000 2 32733 250
59 1000003 2 36569 180
60 1000005 4 14063 146
61 1000009 5 26370 151
62 1000007 5 79256 236
63 1000008 6 34209 139
64 1000003 1 15563 50
65 1000002 6 54351 127
66 1000003 3 96480 3
67 1000008 5 56135 25
68 1000001 4 84568 139
69 1000001 6 74013 183
70 1000003 6 93920 144
71 1000003 6 31476 33
72 1000008 3 88428 167
73 1000003 3 82381 245
74 1000004 5 22464 70
75 1000000 5 66172 167
76 1000005 5 83207 12
77 1000002 4 20349 90
78 1000008 1 17771 105
79 1000007 5 91187 109
80 1000003 6 17319 119
81 1000006 3 79758 67
82 1000007 1 80743 13
83 1000008 5 47005 250
84 1000007 3 1657 112
85 1000008 6 21370 253
86 1000007 5 41150 40
87 1000004 2 79208 205
88 1000003 7 41474 149
89 1000006 1 27350 19
90 1000005 6 97921 127
91 1000005 7 57829 115
92 1000004 3 88026 83
93 1000004 1 46709 29
94 1000002 3 2882 251
95 1000000 1 31650 23
96 1000000 2 85705 167
97 1000001 7 8180 176
98 1000006 2 28381 229
99 1000006 2 46929 159
100 1000002 6 43099 209
101 1000006 1 53646 135
102 1000008 5 96422 236
103 1000000 5 16069 209
104 1000006 2 408 70
105 1000009 7 86767 75
106 1000001 3 31114 90
107 1000003 1 22131 86
108 1000001 4 78366 53
109 1000009 6 59967 76
110 1000009 5 5250 129
111 1000005 7 96734 192
112 1000000 6 4761 254
113 1000001 3 38370 77
114 1000007 2 66511 182
115 1000002 6 98695 207
116 1000005 3 64529 201
117 1000000 3 69513 147
118 1000008 4 4579 134
119 1000000 4 51782 61
120 1000006 3 65013 26
121 1000000 3 96988 17
122 1000004 6 89181 148
123 1000003 7 69373 174
124 1000006 7 32852 106
125 1000001 5 43181 124
126 1000009 6 94383 180
127 1000002 7 20062 169
128 1000000 5 6719 79
129 1000005 3 38167 150
130 1000005 4 52909 220
131 1000002 1 18450 22
132 1000007 2 44741 4
133 1000007 6 86880 131
134 1000009 2 9208 217
135 1000004 7 22785 86
136 1000001 6 83807 80
137 1000009 1 66051 196
138 1000006 3 40816 145
139 1000000 4 94099 143
140 1000004 5 69110 162
141 1000005 2 92481 221
142 1000002 7 777 79
143 1000009 4 47310 237
144 1000000 5 53955 116
145 1000000 3 69350 81
146 1000003 6 46462 254
147 1000000 6 96372 127
148 1000009 2 35976 94
149 1000006 1 75123 229
150 1000003 6 93562 230
151 1000008 7 92405 51
152 1000003 2 57737 33
153 1000006 6 51740 139
154 1000004 4 99318 182
155 1000009 3 11879 157
156 1000000 4 1438 128
157 1000003 7 52154 197
158 1000006 7 83280 199
159 1000000 5 60990 181
160 1000009 2 73980 142
161 1000005 7 3186 203
162 1000007 5 17740 21
163 1000001 5 45539 184
164 1000000 1 25006 56
165 1000008 4 5652 161
166 1000000 3 51466 64
167 1000004 4 87935 72
168 1000009 2 52980 156
169 1000008 1 21354 64
170 1000002 4 92447 23
171 1000008 1 72738 198
172 1000002 3 76793 42
173 1000001 5 22863 135
174 1000003 7 34206 167
175 1000004 7 33980 233
176 1000002 7 58829 78
177 1000000 6 76744 90
178 1000008 1 99313 161
179 1000001 2 84988 233
180 1000009 2 60119 81
181 1000005 6 17679 243
182 1000008 1 71231 42
183 1000008 3 323 40
184 1000001 4 79632 180
185 1000009 4 44015 193
186 1000008 3 83437 60
187 1000002 3 2979 93
188 1000002 1 44288 98
189 1000000 4 84593 31
190 1000004 7 51055 26
191 1000009 7 93239 86
192 1000005 7 10148 209
193 1000000 4 46528 130
194 1000004 5 59460 211
195 1000002 1 59472 135
196 1000003 4 8401 183
197 1000001 1 3433 179
198 1000000 2 52923 6
199 1000005 4 72621 253
200
0 1000007 1 6780 205
1 1000004 1 84935 49
2 1000001 3 46996 50
3 1000007 1 20221 146
4 1000000 1 49374 172
5 1000002 5 91224 75
6 1000002 2 20838 124
7 1000009 3 3126 247
8 1000006 1 29679 123
9 1000004 3 22285 121
10 1000005 2 21447 215
11 1000007 3 74106 70
12 1000006 5 1766 83
13 1000009 1 90039 199
14 1000002 2 2558 12
15 1000005 5 485 19
16 1000000 7 14668 75
17 1000002 6 49791 13
18 1000006 4 74455 170
19 1000003 2 47714 110
20 1000008 4 9575 66
21 1000006 5 86335 179
22 1000001 4 57153 125
23 1000007 4 29496 202
24 1000003 6 63070 203
25 1000009 1 33079 141
26 1000008 3 71086 11
27 1000009 5 62201 121
28 1000004 1 80081 164
29 1000006 6 13981 24
30 1000002 6 51437 13
31 1000006 6 51526 221
32 1000001 6 60384 236
33 1000002 2 44630 242
34 1000006 2 77360 145
35 1000008 1 48272 176
36 1000002 6 46875 242
37 1000008 7 7066 100
38 1000004 2 94825 166
39 1000004 4 83156 21
40 1000004 5 56520 17
41 1000006 3 49174 106
42 1000005 2 17322 56
43 1000009 3 21727 15
44 1000006 5 52219 237
45 1000001 6 93163 39
46 1000006 5 95186 70
47 1000002 2 27193 84
48 1000003 1 68853 69
49 1000007 3 81704 147
50 1000005 6 15530 209
51 1000004 2 44889 169
52 1000008 6 18951 192
53 1000008 3 30742 193
54 1000005 4 61771 156
55 1000006 4 12808 78
56 1000002 1 76480 54
57 1000003 5 84450 56
58 1000004 6 95935 86
59 1000006 1 4722 5
60 1000001 3 94695 246
61 1000005 1 88602 231
62 1000005 5 91316 129
63 1000007 7 29979 81
64 1000008 5 10215 86
65 1000000 7 84308 85
66 1000008 4 79726 106
67 1000007 6 89610 207
68 1000004 1 76997 68
69 1000006 2 57798 27
70 1000006 7 11377 207
71 1000005 2 66427 233
72 1000000 4 81266 52
73 1000004 7 66520 251
74 1000008 6 51655 242
75 1000004 2 30117 186
76 1000002 3 79805 73
77 1000007 1 8978 244
78 1000006 5 53738 47
79 1000004 4 30101 56
80 1000004 2 47116 48
81 1000002 6 7433 70
82 1000009 5 26019 3
83 1000000 7 53000 251
84 1000001 4 73341 177
85 1000005 7 12784 2
86 1000003 2 65240 159
87 1000004 2 1176 253
88 1000005 5 44679 46
89 1000001 3 75192 216
90 1000003 6 48169 195
91 1000002 2 37736 102
92 1000007 6 47077 144
93 1000006 5 16957 61
94 1000006 3 65570 241
95 1000003 6 92970 191
96 1000005 4 36361 183
97 1000006 7 93634 144
98 1000001 4 38190 61
99 1000007 2 45091 124
100 1000002 3 65445 117
101 1000001 6 50320 199
102 1000007 5 60526 112
103 1000006 5 40791 249
104 1000003 3 67885 0
105 1000001 4 41569 201
106 1000003 7 56539 24
107 1000009 7 5301 208
108 1000001 3 26254 167
109 1000002 1 23701 186
110 1000000 2 5728 4
111 1000006 5 591 66
112 1000001 7 79253 102
113 1000001 6 61092 101
114 1000000 5 81448 212
115 1000001 5 23218 119
116 1000003 4 50061 243
117 1000000 4 27539 195
118 1000000 5 35301 14
119 1000009 3 92256 188
120 1000005 6 59496 68
121 1000009 5 12066 128
122 1000001 6 13565 139
123 1000000 6 18599 69
124 1000006 2 75128 163
125 1000003 4 66587 61
126 1000008 1 90850 243
127 1000001 5 58680 240
128 1000002 4 71798 173
129 1000002 4 33350 193
130 1000001 5 66250 171
131 1000003 4 32568 179
132 1000007 7 53777 12
133 1000007 6 788 207
134 1000007 2 56294 123
135 1000004 4 62272 72
136 1000003 4 37162 184
137 1000007 5 19505 44
138 1000003 3 67870 62
139 1000000 2 44933 18
140 1000005 7 81499 82
141 1000007 4 88839 96
142 1000006 4 25173 85
143 1000006 1 44429 96
144 1000005 2 68054 222
145 1000002 6 90274 252
146 1000009 2 78390 225
147 1000000 2 63932 162
148 1000008 6 25742 0
149 1000000 1 17586 124
150 1000007 7 88370 114
151 1000001 7 99254 217
152 1000004 6 44322 252
153 1000003 2 48843 182
154 1000007 4 57528 162
155 1000007 1 19214 112
156 1000001 7 20418 201
157 1000007 6 70857 107
158 1000005 6 6109 10
159 1000006 2 11478 211
160 1000009 5 53923 107
161 1000000 6 17876 250
162 1000004 4 71293 33
163 1000001 5 95746 252
164 1000000 2 54965 184
165 1000004 1 97652 11
166 1000003 5 3656 188
167 1000002 4 33869 56
168 1000009 4 36498 112
169 1000006 4 97777 173
170 1000003 7 77363 135
171 1000001 1 20289 161
172 1000009 5 63576 32
173 1000008 4 56977 163
174 1000006 6 3184 59
175 1000006 5 87087 68
176 1000002 1 15586 220
177 1000003 1 82487 139
178 1000004 4 15130 176
179 1000004 3 80764 97
180 1000008 5 7813 173
181 1000008 5 1829 82
182 1000007 7 2878 132
183 1000005 2 45095 50
184 1000009 5 54743 34
185 1000004 5 13657 38
186 1000009 2 63606 17
187 1000008 7 29281 177
188 1000001 5 92720 111
189 1000002 6 86949 117
190 1000006 2 79795 224
191 1000005 2 35282 178
192 1000008 7 26319 110
193 1000007 7 41122 65
194 1000004 5 87092 0
195 1000001 6 43003 157
196 1000005 1 11085 7
197 1000004 7 15029 85
198 1000004 2 67202 177
199 1000007 1 54345 209
200
0 1000001 1 77801 237
1 1000005 2 38872 123
2 1000006 6 91585 146
3 1000000 1 1078 137
4 1000001 7 86667 160
5 1000005 5 85655 147
6 1000000 7 92860 127
7 1000008 2 34023 28
8 1000006 4 36815 115
9 1000004 3 69835 250
10 1000007 6 16107 216
11 1000005 2 68252 26
12 1000003 6 62564 196
13 1000000 2 10631 157
14 1000001 7 23937 65
15 1000007 1 98815 185
16 1000008 4 16327 126
17 1000007 3 35200 206
18 1000006 4 91408 29
19 1000002 6 68713 182
20 1000003 2 19812 113
21 1000004 7 19045 95
22 1000008 3 71326 13
23 1000002 2 94604 213
24 1000002 2 99387 65
25 1000009 6 22021 126
26 1000008 7 39242 10
27 1000007 7 26187 31
28 1000006 2 49941 198
29 1000003 4 69890 252
30 1000001 2 11268 5
31 1000001 1 97895 124
32 1000006 4 88356 141
33 1000006 3 86749 202
34 1000004 6 10045 80
35 1000009 2 97095 107
36 1000000 7 7034 34
37 1000007 2 59063 68
38 1000009 6 66806 148
39 1000000 5 19365 179
40 1000005 3 38975 129
41 1000002 1 62843 102
42 1000009 4 44483 242
43 1000004 4 18262 243
44 1000004 7 91880 169
45 1000005 7 83606 194
46 1000006 5 52596 152
47 1000009 7 30834 96
48 1000006 2 34755 85
49 1000008 2 78298 243
50 1000005 3 56810 154
51 1000007 6 69039 26
52 1000003 3 60139 35
53 1000000 2 78275 52
54 1000004 7 138 110
55 1000002 5 22753 184
56 1000009 7 35085 4
57 1000000 1 79636 85
58 1000004 7 30951 201
59 1000007 6 47616 181
60 1000001 5 56615 59
61 1000000 7 22570 7
62 1000009 5 35723 180
63 1000003 7 50326 100
64 1000005 2 23438 254
65 1000002 5 77518 208
66 1000009 6 29713 1
67 1000000 4 79231 16
68 1000002 5 11170 214
69 1000004 3 82961 96
70 1000000 3 18111 161
71 1000004 4 63079 169
72 1000004 6 10211 234
73 1000002 1 67166 132
74 1000008 6 53027 229
75 1000006 6 20847 214
76 1000002 6 86099 57
77 1000009 7 14607 95
78 1000007 3 89974 51
79 1000006 3 36193 56
80 1000005 5 70257 38
81 1000000 1 79670 7
82 1000002 1 53491 197
83 1000007 1 41064 71
84 1000001 6 51386 115
85 1000000 2 54057 14
86 1000000 5 52350 67
87 1000008 6 92190 152
88 1000006 4 71611 28
89 1000007 5 19059 65
90 1000003 5 22067 45
91 1000009 4 37724 137
92 1000004 2 52841 4
93 1000000 5 9197 5
94 1000004 2 18462 68
95 1000001 3 843 165
96 1000002 3 75807 32
97 1000001 3 27146 129
98 1000007 3 89430 248
99 1000007 5 69003 43
100 1000001 3 57509 196
101 1000006 5 62920 218
102 1000008 1 28748 73
103 1000006 7 67036 160
104 1000002 1 18767 79
105 1000000 4 84481 59
106 1000001 5 35077 154
107 1000005 6 95272 244
108 1000006 5 41836 238
109 1000008 3 30448 19
110 1000006 7 47971 175
111 1000008 1 32738 39
112 1000007 1 48234 222
113 1000009 2 71533 12
114 1000008 5 14635 20
115 1000009 3 5210 187
116 1000002 3 35293 248
117 1000007 7 54931 0
118 1000003 6 85785 244
119 1000005 6 95112 82
120 1000000 7 96834 245
121 1000008 6 21613 197
122 1000004 6 76057 247
123 1000003 1 92693 232
124 1000009 5 87934 88
125 1000009 4 41321 167
126 1000006 5 82380 73
127 1000008 4 51308 121
128 1000005 4 38695 123
129 1000003 3 31693 190
130 1000007 2 78555 172
131 1000009 6 19198 164
132 1000003 2 99597 131
133 1000008 2 70324 58
134 1000007 4 26846 92
135 1000009 3 79330 127
136 1000001 5 65108 107
137 1000004 4 35840 103
138 1000005 7 53309 161
139 1000000 1 25178 100
140 1000009 7 21438 234
141 1000001 3 65730 147
142 1000007 4 41181 197
143 1000000 7 15078 30
144 1000005 2 99996 136
145 1000009 6 73241 224
146 1000004 5 54378 246
147 1000005 2 88657 45
148 1000001 7 82333 46
149 1000008 1 86522 169
150 1000009 1 73861 120
151 1000000 1 12515 159
152 1000001 7 77083 200
153 1000002 7 75468 101
154 1000004 3 20808 94
155 1000009 2 17945 66
156 1000003 3 65013 155
157 1000002 6 80768 138
158 1000003 1 17872 208
159 1000002 2 77174 8
160 1000005 5 86310 245
161 1000002 7 97164 138
162 1000001 6 91674 142
163 1000009 6 28912 2
164 1000002 7 27150 1
165 1000006 2 19068 248
166 1000008 1 65972 163
167 1000003 6 22860 233
168 1000005 6 58012 118
169 1000004 6 92733 96
170 1000001 3 64245 139
171 1000005 5 77154 144
172 1000003 3 72401 200
173 1000001 2 49227 58
174 1000009 6 12479 70
175 1000007 2 55386 133
176 1000008 2 99794 90
177 1000001 3 57737 167
178 1000006 5 6720 176
179 1000006 6 94626 196
180 1000008 2 93041 77
181 1000000 3 80833 227
182 1000008 7 75427 212
183 1000003 4 26667 200
184 1000001 1 70164 205
185 1000001 5 88276 238
186 1000002 1 26413 119
187 1000003 1 78448 193
188 1000006 1 71824 108
189 1000008 2 28639 251
190 1000001 2 13060 66
191 1000009 2 72121 220
192 1000009 4 84021 134
193 1000007 6 82615 14
194 1000005 3 26989 17
195 1000003 4 28213 108
196 1000000 2 31012 232
197 1000007 1 79204 141
198 1000004 4 43129 152
199 1000001 5 16317 254
200
0 1000005 5 81444 45
1 1000003 7 17839 209
2 1000003 7 2337 248
3 1000004 2 67791 189
4 1000002 1 66569 164
5 1000005 6 94986 38
6 1000005 7 25116 102
7 1000004 5 91399 217
8 1000006 4 4651 73
9 1000007 1 37722 79
10 1000008 2 78953 250
11 1000005 2 76731 76
12 1000009 4 34718 108
13 1000001 2 18258 226
14 1000008 4 23524 19
15 1000004 7 61630 43
16 1000005 6 12914 51
17 1000007 2 68214 21
18 1000000 7 93146 44
19 1000007 7 34085 131
20 1000008 7 49332 83
21 1000003 6 15988 81
22 1000007 6 82320 124
23 1000000 2 18815 73
24 1000002 7 77600 90
25 1000001 1 36627 48
26 1000004 5 61320 132
27 1000009 4 5440 38
28 1000002 7 59181 30
29 1000005 3 33285 208
30 1000006 1 38861 123
31 1000003 7 11685 73
32 1000003 7 68537 109
33 1000007 3 1401 128
34 1000006 5 68062 66
35 1000005 6 74644 198
36 1000003 3 12444 227
37 1000004 2 84841 134
38 1000004 1 48225 74
39 1000007 1 50636 229
40 1000000 6 37401 217
41 1000007 5 74574 99
42 1000002 7 987 136
43 1000001 7 50449 131
44 1000003 4 61713 135
45 1000008 4 17395 254
46 1000004 7 22543 7
47 1000003 3 34304 55
48 1000000 4 40651 165
49 1000009 6 25237 169
50 1000006 7 16714 63
51 1000003 3 99770 241
52 1000007 2 90076 181
53 1000006 7 57195 209
54 1000005 5 13837 44
55 1000008 7 59354 67
56 1000001 1 68800 197
57 1000007 2 51552 49
58 1000006 1 88515 151
59 1000009 2 39502 142
60 1000008 1 73126 172
61 1000000 2 200 47
62 1000005 7 44268 231
63 1000003 2 49085 236
64 1000004 5 22441 230
65 1000006 1 13534 2
66 1000001 3 94991 106
67 1000004 5 15079 154
68 1000001 1 71403 147
69 1000000 2 14584 84
70 1000007 2 21721 238
71 1000004 7 91001 85
72 1000007 6 74835 13
73 1000008 4 2141 62
74 1000001 3 10862 195
75 1000003 3 94804 196
76 1000003 4 84559 188
77 1000002 4 83860 4
78 1000009 4 78968 119
79 1000004 3 67256 160
80 1000007 6 96666 239
81 1000004 3 35759 83
82 1000002 2 60592 165
83 1000000 3 62164 146
84 1000003 1 13359 235
85 1000008 7 23884 101
86 1000006 6 78858 169
87 1000008 2 4316 251
88 1000006 4 57785 188
89 1000000 2 74331 104
90 1000001 4 17240 44
91 1000008 6 88053 207
92 1000009 3 27245 40
93 1000006 1 71376 244
94 1000005 6 377 101
95 1000009 3 54904 229
96 1000008 6 37166 32
97 1000000 1 45369 194
98 1000006 4 84541 118
99 1000004 4 52500 0
100 1000006 6 37819 248
101 1000002 4 88419 220
102 1000006 6 76834 154
103 1000007 5 48454 155
104 1000006 7 76784 87
105 1000005 1 55636 224
106 1000007 3 8628 116
107 1000005 2 49380 12
108 1000009 3 20447 93
109 1000007 1 13054 90
110 1000009 1 29994 91
111 1000000 6 68183 223
112 1000006 2 37938 203
113 1000007 3 69643 19
114 1000002 4 20690 54
115 1000001 4 96078 144
116 1000004 3 51274 16
117 1000009 7 35023 169
118 1000007 1 7845 150
119 1000003 4 83047 158
120 1000008 2 49495 34
121 1000006 1 5592 46
122 1000005 1 38613 158
123 1000000 1 4338 22
124 1000002 7 77852 86
125 1000007 6 10650 71
126 1000000 6 73494 69
127 1000001 1 92930 33
128 1000009 7 86644 59
129 1000003 7 13122 249
130 1000006 1 15091 242
131 1000007 5 95307 86
132 1000008 1 18114 190
133 1000006 5 17040 41
134 1000008 1 95738 127
135 1000001 6 49564 190
136 1000008 3 73623 200
137 1000004 2 74186 46
138 1000002 5 53097 186
139 1000004 3 66245 191
140 1000000 1 163 73
141 1000004 6 89325 107
142 1000002 2 15183 250
143 1000007 6 16489 141
144 1000004 7 18200 20
145 1000002 6 46046 165
146 1000003 6 12462 253
147 1000002 6 32941 164
148 1000003 6 15171 124
149 1000005 7 52350 52
150 1000004 7 50838 182
151 1000000 6 43518 118
152 1000006 1 99250 215
153 1000008 3 20873 134
154 1000000 6 35088 40
155 1000005 6 54593 3
156 1000004 2 85938 91
157 1000004 3 68654 58
158 1000002 4 26116 37
159 1000006 3 90935 21
160 1000004 1 3938 81
161 1000005 2 53024 119
162 1000009 5 25943 16
163 1000008 7 24835 232
164 1000008 6 58936 171
165 1000005 3 15340 8
166 1000006 3 24386 245
167 1000003 6 89223 197
168 1000009 1 87414 96
169 1000009 6 64794 211
170 1000006 2 20166 219
171 1000006 4 96567 109
172 1000004 1 91890 81
173 1000009 1 39428 94
174 1000001 2 32807 90
175 1000006 3 68369 215
176 1000005 5 95460 217
177 1000007 4 15725 128
178 1000009 3 33687 129
179 1000004 4 79682 11
180 1000007 6 67338 103
181 1000006 3 95815 208
182 1000000 1 54329 43
183 1000004 6 3336 15
184 1000007 6 51121 179
185 1000008 4 68672 227
186 1000008 6 96083 243
187 1000009 2 76958 12
188 1000009 3 27558 157
189 1000006 1 28732 49
190 1000002 7 79475 232
191 1000002 4 41373 225
192 1000002 4 33079 251
193 1000005 6 68807 114
194 1000000 3 66938 135
195 1000006 7 70138 49
196 1000004 2 66049 71
197 1000002 1 44560 99
198 1000000 1 64178 241
199 1000001 5 68622 25
