9 1 2 3 7 6 11 12 13 14
14 1 3 8 9 3 8 9 3 9 6 11 12 13 14
18 1 2 3 7 6 9 3 8 7 6 16 18 19 20 3 4 6 10
13 1 3 7 6 9 3 8 9 3 7 6 16 17
25 1 2 3 8 7 6 15 20 3 8 7 6 15 20 3 8 7 6 15 20 3 7 6 16 17
19 1 3 4 5 6 16 18 19 20 3 8 9 6 9 6 11 12 13 14
7 1 2 3 4 5 6 10
128 20 23 26 29 32 35 38 41 44 47 50 53 56 59 62 65 68 71 74 77 80 83 86 89 92 95 98 101 104 107 110 113 116 119 122 125 128 131 134 137 140 143 146 149 152 155 158 161 164 167 170 173 176 179 182 185 188 191 194 197 200 203 206 209 212 215 218 221 224 227 230 233 236 239 242 245 248 251 254 257 260 263 266 269 272 275 278 281 284 287 290 293 296 299 302 305 308 311 314 317 320 323 326 329 332 335 338 341 344 347 350 353 356 359 362 365 368 371 374 377 380 383 386 389 392 395 398 401
64 30 36 42 48 55 61 67 74 80 86 93 99 105 112 118 124 131 137 143 150 156 162 169 175 181 188 194 200 207 213 219 226 235 244 253 263 272 281 290 300 309 318 328 337 346 355 365 374 383 393 401 410 419 428 437 446 455 463 472 481 490 499 508 517
128 17 27 37 48 58 69 79 90 100 111 121 132 143 153 164 174 185 196 206 217 228 238 249 259 270 281 291 302 313 323 334 345 357 370 383 395 408 421 433 446 459 471 484 497 509 522 535 548 561 575 589 602 616 630 643 657 671 684 698 712 725 739 753 767 780 794 808 822 836 850 864 878 891 905 919 933 947 961 975 988 1002 1016 1030 1044 1058 1072 1086 1099 1113 1127 1141 1155 1169 1183 1197 1210 1224 1238 1252 1266 1280 1294 1308 1322 1336 1349 1363 1377 1391 1405 1419 1433 1447 1461 1475 1488 1502 1516 1530 1544 1558 1572 1586 1600 1614 1627 1641 1655
128 5 6 7 8 10 11 12 14 15 16 17 18 19 20 21 22 23 24 26 27 28 29 30 32 33 34 35 36 38 39 40 41 43 45 47 49 51 52 54 56 58 60 62 64 66 68 70 71 73 75 77 78 80 82 83 85 87 88 90 92 94 95 97 99 100 102 104 106 108 109 111 113 115 116 118 120 122 124 125 127 129 131 133 134 136 138 140 142 143 145 147 149 151 152 154 156 158 160 163 165 167 169 171 174 176 178 180 182 185 187 189 191 194 196 198 200 202 205 207 209 211 214 216 218 220 222 225 227
96 13 20 27 34 41 48 55 62 67 76 83 90 98 104 111 118 125 132 139 146 153 160 167 174 181 188 195 202 209 216 223 230 233 244 251 258 265 272 279 286 293 300 307 314 321 328 335 342 349 356 363 370 377 384 391 398 405 412 419 426 430 440 447 454 461 468 475 482 489 496 503 510 517 524 531 538 545 552 559 566 573 580 587 594 601 608 615 622 629 636 643 650 657 664 671 678
128 15 21 27 33 40 46 52 59 65 72 78 85 91 98 104 111 119 126 134 142 150 157 165 173 180 188 196 204 211 219 227 235 244 253 262 271 280 289 298 307 316 325 334 344 353 362 371 380 392 403 415 427 439 450 462 474 486 497 509 521 533 544 556 568 577 587 596 606 615 625 634 644 653 663 672 682 691 701 710 720 729 739 748 758 767 777 786 796 805 815 824 834 843 853 862 872 884 897 910 923 936 948 961 974 987 1000 1012 1025 1038 1051 1064 1076 1089 1102 1115 1128 1141 1153 1166 1179 1192 1205 1217 1230 1243 1256 1269 1281
128 25 38 52 65 79 92 106 119 132 146 159 172 185 199 212 225 240 255 270 284 299 314 329 344 358 373 388 403 418 432 446 459 472 486 499 512 526 539 552 566 579 592 606 619 632 646 659 674 690 705 720 735 751 766 781 796 812 827 842 858 873 888 903 917 932 946 961 975 990 1004 1019 1033 1048 1062 1077 1091 1106 1121 1135 1150 1164 1179 1193 1208 1222 1237 1251 1266 1280 1295 1309 1324 1338 1353 1367 1382 1398 1414 1430 1446 1462 1478 1494 1510 1526 1542 1558 1574 1590 1606 1621 1637 1653 1669 1685 1701 1717 1733 1749 1765 1781 1797 1813 1829 1845 1861 1877 1893
64 5 9 13 17 21 24 28 31 35 38 41 45 48 51 54 57 60 63 66 69 72 75 77 80 83 86 88 91 94 96 99 102 104 107 109 112 115 117 120 122 125 128 130 133 135 138 141 144 146 149 152 155 157 160 163 166 169 172 175 179 182 185 188 192
128 27 37 48 58 69 80 90 101 109 117 125 133 141 149 157 165 173 181 189 197 206 214 222 230 238 246 254 262 271 279 287 295 315 336 356 376 396 417 437 457 478 498 518 538 559 579 599 620 609 599 589 579 568 558 548 537 527 517 507 496 486 476 466 455 470 484 499 513 528 542 557 571 586 600 615 629 644 658 673 687 702 716 731 745 760 774 788 803 817 832 846 861 875 890 904 919 930 942 954 965 977 989 1000 1012 1024 1035 1047 1059 1070 1082 1094 1105 1117 1129 1140 1152 1163 1175 1187 1198 1210 1222 1233 1245 1257 1268 1280 1292
115 3 3 3 3 3 3 3 3 3 3 3 3 3 3 3 4 4 4 4 4 4 4 4 4 4 4 4 4 4 4 4 4 4 4 4 4 4 4 4 4 4 5 5 5 5 5 5 5 5 5 5 5 5 5 5 5 5 5 5 5 5 5 6 6 6 6 6 6 6 6 6 6 6 6 6 7 7 7 7 7 7 7 7 7 7 7 7 7 7 7 7 7 7 7 7 7 8 8 8 8 8 8 8 8 8 8 8 8 8 8 8 8 8 8 8
49 7 12 18 24 30 36 42 48 54 60 66 72 78 84 90 96 102 108 114 120 126 132 138 144 150 156 162 168 174 180 186 192 196 201 206 211 216 221 226 231 235 240 245 250 255 260 265 270 275
64 5 11 17 22 27 32 37 42 47 52 56 60 64 69 73 77 80 84 88 92 95 99 102 105 109 112 116 119 122 126 129 132 135 139 142 146 149 152 156 160 163 167 171 174 178 182 187 191 195 200 204 209 214 219 224 229 234 240 246 252 258 264 270 277
50 4 6 8 11 13 15 18 20 22 25 26 27 28 29 30 31 32 33 34 35 35 36 37 38 39 40 41 42 43 44 44 45 46 47 48 48 49 50 51 52 52 53 54 55 56 56 57 58 59 60
128 6 13 20 27 33 40 46 53 59 65 71 77 83 89 95 100 106 112 117 122 128 133 138 144 149 154 159 164 169 174 179 184 188 193 198 203 207 212 216 221 225 230 234 239 243 248 252 257 261 266 270 274 279 283 287 292 296 301 305 309 314 318 323 327 332 336 341 345 350 354 359 364 368 373 378 382 387 392 397 402 407 412 417 422 428 433 438 444 449 455 460 466 471 477 483 489 495 501 507 514 520 526 533 539 546 553 560 567 574 581 588 595 603 610 618 626 634 642 650 658 666 675 683 692 701 710 719 728
16 10 18 26 34 43 49 56 63 70 76 80 86 93 100 110 113
51 7 15 23 31 38 46 53 60 68 75 82 89 96 102 109 116 122 129 135 142 148 155 161 167 173 179 185 192 198 204 209 215 221 227 233 239 245 250 256 262 268 273 279 285 291 296 302 308 314 320 325
8 10 12 15 18 21 24 27 30
128 13 20 27 34 41 48 55 62 67 73 78 83 88 93 98 104 110 116 122 128 134 141 147 153 159 165 171 177 184 190 196 202 208 214 223 232 241 249 258 267 276 285 293 302 311 320 329 337 346 354 363 371 380 388 396 405 413 422 430 438 447 455 464 472 482 491 501 510 520 529 539 548 558 568 577 587 596 606 615 625 635 644 654 663 673 682 692 702 711 721 730 740 749 759 769 778 789 799 810 821 831 842 853 863 874 885 895 906 917 927 938 949 959 970 981 991 1002 1013 1023 1034 1045 1055 1066 1076 1087 1098 1108 1119
81 4 9 14 19 24 29 33 38 43 47 52 56 61 65 70 74 78 83 87 91 95 99 104 108 112 116 120 124 128 132 135 139 143 147 151 154 158 162 165 169 173 176 180 183 187 191 194 198 201 205 208 211 215 218 222 225 228 232 235 238 242 245 248 252 255 258 261 265 268 271 274 278 281 284 287 291 294 297 300 304 307
128 10 15 21 27 32 38 44 50 55 61 67 72 78 84 89 95 101 106 112 117 123 128 134 139 145 150 156 161 167 172 178 183 190 196 202 209 215 221 227 234 240 246 253 259 265 271 278 284 291 297 304 311 317 324 331 337 344 351 357 364 371 377 384 390 397 403 409 416 422 428 435 441 447 454 460 466 473 479 485 492 498 504 511 517 523 530 536 542 548 555 561 567 574 580 586 593 599 606 613 619 626 633 640 646 653 660 666 673 680 686 693 700 706 713 720 726 733 740 747 753 760 767 773 780 787 793 800 807
3 5 8 11 14 17 29 73
2 5 20
200
0 1000009 7 8272 130
1 1000001 4 99741 230
2 1000007 6 49757 107
3 1000001 4 3716 199
4 1000006 5 99914 1
5 1000007 3 94574 117
6 1000009 1 41607 15
7 1000000 1 85138 4
8 1000006 6 28391 216
9 1000000 5 29058 224
10 1000007 5 30551 176
11 1000003 6 28677 235
12 1000004 1 54550 51
13 1000002 6 94849 151
14 1000001 6 43608 216
15 1000008 7 87859 97
16 1000004 3 77016 255
17 1000008 4 77202 17
18 1000007 2 97483 206
19 1000006 6 22677 187
20 1000008 6 88407 191
21 1000001 4 87001 55
22 1000002 5 51545 189
23 1000007 6 3877 240
24 1000000 3 92194 201
25 1000002 2 65830 116
26 1000000 7 26152 118
27 1000006 5 45066 180
28 1000007 3 86405 2
29 1000006 7 97060 66
30 1000008 7 73579 105
31 1000006 1 63059 186
32 1000009 5 26194 211
33 1000007 7 46766 212
34 1000005 1 70580 169
35 1000007 5 3667 117
36 1000002 5 76607 92
37 1000001 7 72225 130
38 1000000 7 88227 36
39 1000001 7 2188 231
40 1000000 7 99037 143
41 1000003 3 14351 94
42 1000005 3 9112 85
43 1000002 3 69125 86
44 1000004 6 93270 150
45 1000007 6 42206 254
46 1000007 1 3098 159
47 1000006 3 55171 96
48 1000004 1 33222 107
49 1000009 4 2729 115
50 1000000 4 19198 18
51 1000002 4 92355 218
52 1000008 7 28915 230
53 1000003 5 85002 15
54 1000006 6 75478 164
55 1000006 1 96660 152
56 1000002 2 6219 156
57 1000001 7 10020 158
58 1000004 6 20737 213
59 1000009 3 17091 4
60 1000008 7 4970 111
61 1000009 4 22482 19
62 1000006 2 45473 50
63 1000003 5 88363 221
64 1000009 2 64534 53
65 1000006 3 66075 255
66 1000000 3 80233 205
67 1000004 1 20574 102
68 1000005 7 73839 69
69 1000005 4 27923 136
70 1000001 7 49707 176
71 1000008 4 69799 120
72 1000001 6 5296 43
73 1000002 2 21831 109
74 1000004 7 43547 130
75 1000005 3 44602 58
76 1000004 2 79166 250
77 1000002 5 72244 53
78 1000005 1 53294 37
79 1000006 7 19311 64
80 1000005 1 80634 193
81 1000001 5 72126 114
82 1000009 1 34961 186
83 1000004 5 70032 58
84 1000007 3 14121 23
85 1000004 1 80436 7
86 1000001 4 15087 20
87 1000003 2 76913 215
88 1000002 1 59102 85
89 1000003 2 97519 52
90 1000006 4 71163 150
91 1000008 3 93273 244
92 1000005 1 27213 162
93 1000000 1 1378 151
94 1000009 3 58963 200
95 1000005 4 8253 32
96 1000005 5 59751 57
97 1000004 2 80978 240
98 1000005 3 24016 106
99 1000004 2 32294 184
100 1000001 7 36804 45
101 1000007 1 85461 173
102 1000003 4 40211 21
103 1000005 2 41516 155
104 1000003 3 13232 47
105 1000003 2 2671 124
106 1000006 1 35136 36
107 1000001 1 83281 5
108 1000004 7 47080 252
109 1000007 7 20209 51
110 1000008 7 43004 39
111 1000008 6 22708 91
112 1000002 2 41915 156
113 1000001 6 67418 150
114 1000002 2 18571 16
115 1000005 7 81728 105
116 1000002 3 56707 80
117 1000000 6 87528 126
118 1000004 7 8443 228
119 1000006 5 32797 224
120 1000008 4 1425 202
121 1000005 2 33813 248
122 1000000 7 84731 213
123 1000009 1 8169 181
124 1000009 2 77798 64
125 1000002 3 36296 203
126 1000009 4 22568 45
127 1000003 4 981 90
128 1000008 3 65654 224
129 1000003 2 41024 253
130 1000007 2 93435 211
131 1000005 5 80123 140
132 1000003 1 9379 188
133 1000002 5 26719 159
134 1000004 6 39265 190
135 1000002 6 91918 237
136 1000009 1 16154 193
137 1000002 2 32847 218
138 1000003 5 94320 26
139 1000007 6 51591 178
140 1000006 5 21601 20
141 1000008 1 33448 51
142 1000004 6 10974 71
143 1000009 7 86471 41
144 1000007 7 31588 195
145 1000006 4 21595 166
146 1000007 2 81580 249
147 1000003 1 56527 209
148 1000001 6 38729 142
149 1000003 4 98249 2
150 1000003 5 57511 10
151 1000000 6 79381 124
152 1000004 2 22657 145
153 1000002 5 26274 139
154 1000004 5 99277 128
155 1000007 7 22018 182
156 1000007 4 15965 106
157 1000009 4 26847 145
158 1000001 7 3166 60
159 1000009 6 1733 151
160 1000002 1 65585 191
161 1000009 7 40797 223
162 1000008 6 46769 165
163 1000000 1 57976 230
164 1000005 3 70687 204
165 1000005 7 95832 252
166 1000001 6 49488 195
167 1000003 5 508 142
168 1000009 6 96806 101
169 1000007 5 67753 209
170 1000004 6 22324 230
171 1000009 6 69594 101
172 1000005 5 462 199
173 1000009 4 53118 172
174 1000009 5 96185 34
175 1000007 6 32458 148
176 1000000 4 94541 79
177 1000006 7 35424 91
178 1000001 7 79360 5
179 1000005 3 92802 210
180 1000008 3 19933 236
181 1000004 4 22233 239
182 1000008 1 35497 50
183 1000009 4 9143 181
184 1000001 6 57998 10
185 1000002 5 93094 82
186 1000001 4 83359 141
187 1000009 3 27380 106
188 1000003 3 35268 35
189 1000001 6 68577 188
190 1000007 5 73093 25
191 1000002 3 85599 138
192 1000005 5 96973 118
193 1000006 5 52392 88
194 1000007 7 34017 168
195 1000003 3 79948 125
196 1000000 7 81587 206
197 1000005 4 99824 127
198 1000004 2 9508 84
199 1000009 4 76210 75
200
0 1000009 3 60214 83
1 1000002 7 18101 225
2 1000005 3 98485 205
3 1000003 1 94131 105
4 1000004 1 13945 116
5 1000006 3 64535 51
6 1000002 1 7254 11
7 1000003 6 4550 253
8 1000008 7 94892 226
9 1000005 6 35990 60
10 1000009 6 22635 48
11 1000003 4 30569 253
12 1000007 4 98385 86
13 1000003 2 37178 236
14 1000008 5 51065 108
15 1000007 6 33801 169
16 1000007 5 14542 109
17 1000001 1 2021 2
18 1000007 3 50220 147
19 1000003 4 20981 77
20 1000000 1 50761 74
21 1000008 1 74023 194
22 1000004 2 10423 236
23 1000004 1 4650 31
24 1000008 7 16899 21
25 1000004 7 15393 221
26 1000001 2 3621 255
27 1000002 6 36605 98
28 1000007 4 43229 137
29 1000004 6 83311 124
30 1000003 1 77061 89
31 1000005 4 79345 31
32 1000005 5 54087 102
33 1000008 4 86821 35
34 1000004 6 80041 37
35 1000004 2 12658 77
36 1000000 2 56113 22
37 1000000 6 11957 240
38 1000008 3 13014 160
39 1000000 2 69661 16
40 1000007 6 16804 202
41 1000007 1 96551 138
42 1000001 3 42653 43
43 1000004 1 50363 29
44 1000004 3 96367 66
45 1000004 7 49832 59
46 1000004 1 55684 125
47 1000008 5 26924 169
48 1000005 5 51262 246
49 1000001 2 85535 229
50 1000008 5 94291 15
51 1000004 6 20583 102
52 1000005 4 68299 166
53 1000001 4 45270 64
54 1000009 1 5712 153
55 1000008 3 54735 152
56 1000005 3 35740 166
57 1000008 5 1129 62
58 1000002 3 95264 166
59 1000005 5 9024 231
60 1000004 4 59526 186
61 1000006 7 10246 28
62 1000002 1 68644 251
63 1000009 7 33020 125
64 1000009 6 44388 185
65 1000005 4 40290 237
66 1000009 3 69748 85
67 1000000 2 32785 113
68 1000009 2 14780 94
69 1000006 6 81226 25
70 1000001 5 89302 136
71 1000001 2 34302 34
72 1000009 5 84022 40
73 1000001 7 28493 88
74 1000008 7 56635 11
75 1000009 3 63790 145
76 1000003 2 78392 252
77 1000003 4 59270 187
78 1000008 2 63198 37
79 1000004 4 26394 4
80 1000008 7 49902 249
81 1000001 4 80720 217
82 1000000 3 60091 3
83 1000003 3 91226 2
84 1000008 1 39670 161
85 1000008 6 74970 144
86 1000008 4 71047 209
87 1000009 6 76161 157
88 1000007 3 17164 227
89 1000009 2 72089 83
90 1000004 6 1260 217
91 1000009 1 48283 215
92 1000006 3 86376 9
93 1000001 1 632 196
94 1000004 4 35647 190
95 1000007 7 44112 198
96 1000007 7 15272 247
97 1000005 2 54421 75
98 1000000 2 34110 188
99 1000002 5 37637 211
100 1000004 5 37654 215
101 1000004 4 44028 248
102 1000003 6 64406 205
103 1000006 1 8447 66
104 1000003 2 30046 13
105 1000001 3 20410 245
106 1000001 4 85153 95
107 1000000 1 56058 26
108 1000008 2 70057 216
109 1000005 1 85406 52
110 1000008 6 55002 60
111 1000004 6 36537 91
112 1000007 7 92297 24
113 1000003 6 84446 44
114 1000006 1 87649 229
115 1000004 6 66561 254
116 1000006 1 79445 245
117 1000001 2 50642 103
118 1000002 5 33766 213
119 1000008 3 64550 109
120 1000009 3 63698 52
121 1000000 7 95589 177
122 1000004 1 70850 225
123 1000004 7 13207 117
124 1000008 3 35434 126
125 1000006 2 17066 131
126 1000003 4 73512 29
127 1000008 7 79821 76
128 1000006 3 36673 245
129 1000004 3 64400 109
130 1000007 3 78514 240
131 1000003 3 23090 92
132 1000009 6 59129 76
133 1000000 5 42731 69
134 1000003 3 81599 252
135 1000007 3 15520 65
136 1000002 6 33616 115
137 1000001 6 70625 25
138 1000009 2 89754 59
139 1000003 5 26137 157
140 1000006 3 556 10
141 1000004 7 80659 112
142 1000001 6 29428 143
143 1000005 3 78793 194
144 1000000 1 43233 177
145 1000002 1 32876 73
146 1000009 1 45483 39
147 1000001 6 13528 153
148 1000005 2 35303 25
149 1000005 1 10266 71
150 1000006 3 94379 123
151 1000001 6 43100 140
152 1000000 5 42183 57
153 1000005 7 84043 64
154 1000009 7 35531 207
155 1000001 6 75582 243
156 1000009 4 70224 201
157 1000004 2 82934 154
158 1000008 2 7070 56
159 1000002 2 28184 222
160 1000004 5 2620 128
161 1000008 3 69488 134
162 1000007 2 52860 53
163 1000005 1 85777 185
164 1000008 5 94787 15
165 1000009 3 58391 67
166 1000002 1 75928 72
167 1000003 4 43971 186
168 1000004 2 20396 195
169 1000007 4 15449 74
170 1000004 3 87410 4
171 1000008 1 84271 67
172 1000006 6 73652 51
173 1000007 1 56618 216
174 1000004 3 53534 207
175 1000009 4 6983 50
176 1000007 7 4904 0
177 1000000 7 14566 71
178 1000008 5 46700 138
179 1000009 6 46717 242
180 1000003 7 81500 122
181 1000001 5 46887 81
182 1000001 7 5319 160
183 1000006 6 45385 129
184 1000000 5 57000 212
185 1000006 3 38527 174
186 1000007 7 91651 121
187 1000009 5 18924 28
188 1000005 6 14877 88
189 1000008 6 82039 249
190 1000005 7 93118 62
191 1000009 1 62949 107
192 1000006 6 22900 203
193 1000003 1 32553 171
194 1000005 6 32136 236
195 1000007 3 64570 99
196 1000006 4 52280 61
197 1000009 4 34926 64
198 1000002 1 49299 212
199 1000001 7 3438 38
200
0 1000002 4 49417 147
1 1000002 2 68761 54
2 1000004 1 60874 203
3 1000003 5 91162 200
4 1000000 5 32700 216
5 1000002 6 23469 175
6 1000003 1 70302 82
7 1000002 4 76724 11
8 1000008 2 56024 120
9 1000000 5 94979 97
10 1000008 6 80199 39
11 1000003 4 60942 60
12 1000009 6 6337 198
13 1000001 5 12399 245
14 1000000 5 31352 6
15 1000000 7 40896 238
16 1000004 6 54469 85
17 1000009 2 73619 162
18 1000008 6 58811 213
19 1000008 2 91604 202
20 1000006 7 26309 253
21 1000004 3 19856 132
22 1000009 3 22959 42
23 1000005 3 18706 132
24 1000004 3 45791 196
25 1000004 5 61311 6
26 1000002 2 33126 115
27 1000003 1 75937 101
28 1000008 4 93862 122
29 1000009 2 72603 235
30 1000006 6 25669 42
31 1000001 2 87464 29
32 1000000 6 53135 195
33 1000006 6 18017 66
34 1000008 5 9722 123
35 1000006 2 37444 103
36 1000006 3 98181 91
37 1000003 3 92974 73
38 1000005 4 70172 149
39 1000001 5 39183 106
40 1000007 1 38050 52
41 1000009 3 98927 227
42 1000004 5 7635 26
43 1000005 2 17350 52
44 1000001 7 57055 125
45 1000003 5 66549 203
46 1000001 6 27811 196
47 1000008 2 93881 130
48 1000000 6 15846 103
49 1000009 4 86908 246
50 1000008 5 30235 137
51 1000000 6 21991 119
52 1000006 3 86722 215
53 1000006 3 64747 50
54 1000002 2 73337 8
55 1000007 7 5879 250
56 1000003 4 95699 172
57 1000003 1 10108 21
58 1000006 7 57905 96
59 1000002 5 65799 97
60 1000008 4 68398 184
61 1000003 2 47151 33
62 1000005 1 60092 22
63 1000009 2 19358 146
64 1000007 1 76458 33
65 1000009 4 12057 204
66 1000008 7 75031 154
67 1000006 3 46163 240
68 1000000 5 62542 8
69 1000006 3 77160 162
70 1000002 5 77245 142
71 1000001 7 79581 184
72 1000006 4 68136 12
73 1000009 5 14878 18
74 1000009 5 1885 51
75 1000005 3 48280 17
76 1000005 5 9721 248
77 1000001 7 70725 228
78 1000005 5 71315 1
79 1000002 3 47298 109
80 1000002 5 19427 55
81 1000006 3 66669 215
82 1000005 3 34050 188
83 1000000 6 8319 126
84 1000004 7 52042 145
85 1000009 7 81085 42
86 1000001 6 22334 136
87 1000006 1 16552 144
88 1000008 6 84032 134
89 1000003 2 12954 141
90 1000007 1 96673 154
91 1000003 7 71260 38
92 1000008 3 44521 151
93 1000008 2 4621 226
94 1000005 7 97973 19
95 1000000 3 54723 83
96 1000008 1 92652 217
97 1000002 2 30519 58
98 1000009 2 76904 62
99 1000004 4 25730 28
100 1000005 4 43900 181
101 1000003 6 1226 7
102 1000007 1 21547 129
103 1000008 1 1203 117
104 1000001 5 22717 17
105 1000008 2 27452 226
106 1000004 2 64289 190
107 1000005 4 85647 37
108 1000003 5 23790 96
109 1000009 3 76188 218
110 1000009 4 47642 11
111 1000007 1 13733 221
112 1000009 3 44420 37
113 1000006 2 91964 253
114 1000009 5 86565 244
115 1000009 6 96782 230
116 1000009 4 21677 137
117 1000008 3 73853 202
118 1000009 5 33968 130
119 1000004 1 79247 23
120 1000007 4 46601 118
121 1000008 4 27414 243
122 1000005 6 82029 74
123 1000006 7 57326 27
124 1000001 3 1074 130
125 1000008 6 7082 156
126 1000006 1 42530 173
127 1000004 5 6520 106
128 1000001 3 15714 33
129 1000002 7 90540 150
130 1000006 5 44667 119
131 1000000 6 91823 93
132 1000008 6 75241 187
133 1000004 3 49548 215
134 1000008 4 9727 101
135 1000006 2 79674 21
136 1000009 2 82543 114
137 1000003 6 51732 194
138 1000003 5 19921 153
139 1000005 1 93411 157
140 1000007 4 22398 74
141 1000000 3 57278 175
142 1000008 4 41627 57
143 1000009 6 38311 141
144 1000006 1 40728 44
145 1000007 1 65687 112
146 1000009 6 84324 135
147 1000006 3 30220 27
148 1000001 5 67533 83
149 1000002 3 6335 34
150 1000003 1 88138 31
151 1000006 6 93824 10
152 1000001 1 1175 17
153 1000008 3 43610 9
154 1000009 1 73274 108
155 1000007 2 34900 151
156 1000009 5 68357 128
157 1000003 2 27624 200
158 1000000 2 72789 231
159 1000000 3 42820 208
160 1000001 1 73735 94
161 1000008 6 12279 94
162 1000003 2 23139 155
163 1000001 1 41139 74
164 1000001 7 58088 76
165 1000003 1 97991 146
166 1000005 1 77273 45
167 1000007 2 29860 94
168 1000001 1 26525 27
169 1000001 1 97315 112
170 1000004 6 33047 216
171 1000003 6 4229 128
172 1000003 3 45866 182
173 1000007 7 86450 195
174 1000006 1 55849 125
175 1000007 3 23413 58
176 1000003 1 57226 141
177 1000008 3 43915 189
178 1000006 4 47759 180
179 1000005 4 61777 8
180 1000005 2 39640 86
181 1000004 5 16615 76
182 1000002 4 84528 77
183 1000002 2 10445 129
184 1000003 3 84549 161
185 1000002 3 62006 158
186 1000001 4 20188 180
187 1000007 1 20422 161
188 1000001 6 24483 245
189 1000008 1 6144 98
190 1000005 6 47984 181
191 1000008 6 87274 191
192 1000005 6 15784 94
193 1000006 1 35506 107
194 1000000 2 39899 167
195 1000009 4 32027 184
196 1000000 2 38081 3
197 1000003 1 17755 114
198 1000005 5 34936 72
199 1000002 2 9883 159
200
0 1000009 5 66751 221
1 1000007 5 67077 243
2 1000002 5 46614 100
3 1000006 7 9721 141
4 1000003 2 18652 68
5 1000003 1 21443 248
6 1000005 2 6461 184
7 1000001 5 31107 108
8 1000001 4 84388 100
9 1000009 3 21628 9
10 1000003 3 62963 18
11 1000000 7 48074 255
12 1000008 3 17763 249
13 1000001 5 41791 159
14 1000009 3 75090 45
15 1000007 3 54467 36
16 1000004 1 86299 165
17 1000000 2 42922 115
18 1000005 3 33083 156
19 1000007 4 1571 150
20 1000002 6 38114 24
21 1000001 4 56443 111
22 1000004 3 85741 253
23 1000009 3 79765 131
24 1000002 3 18720 180
25 1000001 4 46775 98
26 1000006 4 19668 246
27 1000003 1 95739 126
28 1000001 6 9244 19
29 1000008 5 61824 247
30 1000005 5 22340 254
31 1000006 1 50595 230
32 1000002 5 77158 191
33 1000000 7 95146 188
34 1000005 4 31129 155
35 1000001 4 99353 182
36 1000003 2 17650 226
37 1000000 3 74363 172
38 1000002 5 64280 244
39 1000000 5 30667 30
40 1000007 6 21434 106
41 1000006 4 16167 161
42 1000004 2 22192 168
43 1000002 2 97195 157
44 1000003 5 92616 218
45 1000007 4 66906 159
46 1000002 5 80689 158
47 1000009 7 27097 144
48 1000002 6 844 174
49 1000001 4 49810 91
50 1000009 4 58905 226
51 1000005 7 27056 27
52 1000001 6 14067 49
53 1000008 4 17998 227
54 1000006 2 62264 229
55 1000008 7 77801 18
56 1000009 2 77389 230
57 1000007 4 38107 178
58 1000002 7 78367 139
59 1000002 7 3613 31
60 1000001 5 30122 228
61 1000005 4 43949 52
62 1000006 1 97933 239
63 1000004 4 60990 169
64 1000008 1 21521 205
65 1000008 7 55995 244
66 1000008 2 41879 74
67 1000005 2 80088 99
68 1000003 7 28328 232
69 1000002 1 91641 52
70 1000006 1 59455 77
71 1000005 5 42159 143
72 1000006 1 50795 249
73 1000007 3 97098 155
74 1000009 4 41045 148
75 1000002 1 64141 92
76 1000007 2 60128 54
77 1000008 1 70273 163
78 1000005 7 64785 174
79 1000009 3 73711 236
80 1000005 4 90573 201
81 1000008 2 21769 123
82 1000008 2 77921 125
83 1000000 7 42067 31
84 1000005 4 3895 176
85 1000005 3 78676 209
86 1000003 7 37829 114
87 1000005 4 91568 196
88 1000002 1 50948 179
89 1000009 7 80690 113
90 1000003 1 80132 163
91 1000006 2 93160 150
92 1000001 4 519 179
93 1000001 7 53457 78
94 1000001 5 96046 91
95 1000005 2 49230 223
96 1000005 5 83593 141
97 1000003 2 20760 84
98 1000008 2 19228 61
99 1000007 5 68435 66
100 1000006 2 43757 162
101 1000009 2 2718 183
102 1000002 2 30805 254
103 1000009 4 4492 45
104 1000002 5 61458 73
105 1000003 3 92907 70
106 1000004 6 45685 33
107 1000006 4 3910 236
108 1000003 6 31575 105
109 1000000 6 91383 155
110 1000000 3 68024 96
111 1000001 7 13880 56
112 1000006 3 13737 228
113 1000009 5 93061 247
114 1000004 2 56515 190
115 1000005 7 50294 210
116 1000006 3 71959 105
117 1000003 1 18983 121
118 1000003 1 31593 201
119 1000007 7 80826 225
120 1000009 1 7103 88
121 1000008 1 5810 220
122 1000004 4 17406 120
123 1000005 4 44806 24
124 1000008 4 16938 186
125 1000009 1 45791 60
126 1000003 6 83826 63
127 1000006 2 2501 187
128 1000002 2 37777 12
129 1000007 6 3509 247
130 1000001 7 77284 220
131 1000001 4 71317 49
132 1000002 5 88345 201
133 1000009 5 53756 123
134 1000008 4 62599 162
135 1000007 1 8815 107
136 1000009 5 91443 189
137 1000001 1 46520 54
138 1000003 1 90394 44
139 1000000 5 56602 120
140 1000001 3 63907 31
141 1000009 4 73464 152
142 1000006 6 5361 14
143 1000004 5 62697 224
144 1000003 3 42158 244
145 1000007 5 7175 137
146 1000008 2 97670 224
147 1000007 3 76700 93
148 1000005 5 86336 203
149 1000006 6 73396 203
150 1000007 7 82615 112
151 1000004 1 8280 75
152 1000007 7 15178 184
153 1000004 7 40543 155
154 1000002 1 65778 70
155 1000007 7 4979 228
156 1000007 6 74677 166
157 1000008 3 16401 7
158 1000008 2 35216 33
159 1000007 3 1570 136
160 1000008 6 2839 205
161 1000001 1 89816 164
162 1000009 5 83554 229
163 1000001 5 65321 175
164 1000009 7 89043 22
165 1000003 2 7281 59
166 1000000 1 72758 156
167 1000003 2 69903 76
168 1000003 7 28485 45
169 1000008 3 90447 222
170 1000004 5 17655 146
171 1000009 7 32522 35
172 1000009 3 7453 11
173 1000006 5 37007 243
174 1000006 4 8900 94
175 1000003 7 88993 17
176 1000006 7 54335 181
177 1000005 5 19427 91
178 1000003 2 7779 187
179 1000001 7 58518 164
180 1000003 2 33779 79
181 1000008 4 14051 244
182 1000009 1 61888 159
183 1000004 7 91927 149
184 1000003 7 17407 194
185 1000000 7 50142 234
186 1000008 7 3186 67
187 1000003 7 64647 50
188 1000004 6 81897 223
189 1000003 5 43772 50
190 1000003 2 64446 59
191 1000002 4 46988 221
192 1000006 5 55292 12
193 1000006 7 18545 217
194 1000002 1 38336 198
195 1000009 4 83694 48
196 1000003 5 35576 245
197 1000009 4 34653 54
198 1000005 7 20058 132
199 1000000 5 86644 49
200
0 1000005 4 34724 48
1 1000004 2 11098 208
2 1000006 1 62776 66
3 1000008 4 64483 119
4 1000008 1 49282 31
5 1000006 5 11016 127
6 1000000 4 10983 150
7 1000009 1 45563 21
8 1000001 1 5944 157
9 1000005 3 11897 240
10 1000009 3 42847 87
11 1000005 5 32757 167
12 1000009 2 32545 111
13 1000004 3 70295 165
14 1000004 5 629 246
15 1000004 7 86174 117
16 1000002 2 21134 43
17 1000004 4 26553 70
18 1000002 7 72507 37
19 1000005 4 92451 108
20 1000002 1 58422 110
21 1000006 7 14763 159
22 1000003 6 83527 148
23 1000008 7 85420 228
24 1000005 1 8987 36
25 1000003 1 68627 237
26 1000008 4 1282 85
27 1000007 4 70824 56
28 1000003 1 31902 157
29 1000003 5 79490 150
30 1000004 3 45804 136
31 1000004 1 3813 5
32 1000007 1 27039 39
33 1000005 4 86741 155
34 1000001 2 88211 56
35 1000003 1 25517 69
36 1000009 5 89921 13
37 1000007 6 3771 116
38 1000007 2 69748 4
39 1000003 2 8220 8
40 1000002 3 75586 43
41 1000008 5 34206 99
42 1000006 1 71276 143
43 1000005 3 71145 197
44 1000006 5 69284 238
45 1000004 1 23586 245
46 1000009 4 17447 106
47 1000008 1 67788 26
48 1000005 2 28687 163
49 1000006 1 53534 243
50 1000008 7 8512 17
51 1000002 5 53840 199
52 1000008 3 77576 22
53 1000003 2 39875 194
54 1000004 5 2999 136
55 1000003 5 68272 83
56 1000003 1 27648 245
57 1000002 1 86230 206
58 1000004 1 19788 50
59 1000000 6 76960 220
60 1000007 2 28588 239
61 1000001 7 86851 207
62 1000003 1 16659 173
63 1000008 4 64702 188
64 1000006 7 76327 127
65 1000007 3 52964 182
66 1000006 7 74230 117
67 1000006 5 13928 92
68 1000009 6 45155 38
69 1000000 4 76840 252
70 1000000 7 60333 56
71 1000003 4 46026 46
72 1000005 6 4860 141
73 1000009 5 80613 171
74 1000002 5 21904 220
75 1000004 6 58036 124
76 1000007 6 50297 14
77 1000008 3 15784 146
78 1000004 1 74122 43
79 1000005 6 67435 92
80 1000003 3 97005 41
81 1000002 4 48756 204
82 1000007 7 88881 241
83 1000001 5 64064 42
84 1000000 1 2457 142
85 1000000 3 40755 90
86 1000008 4 80988 172
87 1000000 4 44809 121
88 1000003 3 96341 29
89 1000000 4 67118 101
90 1000006 2 23503 118
91 1000001 4 5349 89
92 1000005 1 59531 83
93 1000000 7 55385 113
94 1000004 6 68043 224
95 1000003 7 5320 193
96 1000006 4 67028 218
97 1000004 4 44172 12
98 1000001 4 95904 214
99 1000002 4 21021 88
100 1000004 4 98087 246
101 1000004 3 92751 233
102 1000006 5 49357 146
103 1000003 3 71065 115
104 1000004 1 86173 37
105 1000004 6 51095 82
106 1000004 7 77058 129
107 1000007 1 20887 247
108 1000001 2 19932 57
109 1000006 1 22621 34
110 1000001 4 71986 239
111 1000000 1 35579 26
112 1000008 4 97217 106
113 1000005 5 57388 56
114 1000005 3 50098 199
115 1000004 1 30047 225
116 1000008 3 56019 220
117 1000006 5 34936 95
118 1000002 7 6927 169
119 1000005 4 8819 162
120 1000009 2 19047 58
121 1000008 2 62556 119
122 1000005 5 69130 82
123 1000003 3 22506 70
124 1000006 4 64115 179
125 1000000 5 9857 12
126 1000005 2 20402 109
127 1000006 4 66868 139
128 1000006 5 44297 246
129 1000005 1 77621 28
130 1000002 7 72897 240
131 1000002 1 1070 33
132 1000000 2 36514 99
133 1000007 4 93536 138
134 1000004 5 50371 53
135 1000006 4 31643 36
136 1000005 2 89901 13
137 1000006 6 7387 148
138 1000005 7 86224 8
139 1000009 4 41578 5
140 1000008 3 95559 200
141 1000000 5 89599 228
142 1000001 4 53240 63
143 1000009 1 1509 209
144 1000005 2 53019 20
145 1000002 7 37424 210
146 1000002 7 74747 240
147 1000004 5 78068 131
148 1000000 7 51223 210
149 1000002 3 22334 232
150 1000006 5 72899 64
151 1000008 6 10365 201
152 1000004 4 64118 17
153 1000004 2 83045 137
154 1000006 3 16364 130
155 1000000 1 88055 54
156 1000007 2 61057 123
157 1000003 1 29470 40
158 1000001 7 12651 19
159 1000009 6 14948 22
160 1000004 4 19208 177
161 1000001 1 51057 114
162 1000002 5 75252 250
163 1000002 3 79266 203
164 1000008 7 74069 87
165 1000005 5 9236 25
166 1000000 7 75431 152
167 1000001 4 11420 0
168 1000000 6 36854 156
169 1000009 5 99390 130
170 1000007 4 15367 114
171 1000004 6 87226 64
172 1000008 5 97672 12
173 1000005 7 92983 228
174 1000001 4 88104 79
175 1000004 1 48920 129
176 1000003 3 81328 72
177 1000008 2 80530 3
178 1000003 6 63242 183
179 1000002 4 87692 175
180 1000006 5 57671 57
181 1000004 1 69123 151
182 1000008 3 26093 106
183 1000003 7 96426 123
184 1000006 3 33610 0
185 1000007 7 66429 71
186 1000006 7 63406 46
187 1000008 7 36178 51
188 1000003 1 55855 207
189 1000002 1 87408 225
190 1000008 6 28368 82
191 1000003 3 47933 167
192 1000005 6 33008 76
193 1000000 2 33720 246
194 1000009 5 2090 175
195 1000000 7 22877 102
196 1000004 6 30160 37
197 1000006 6 48372 189
198 1000003 1 598 200
199 1000005 5 43225 210
