9 1 2 3 7 6 11 12 13 14
14 1 3 8 9 3 8 9 3 9 6 11 12 13 14
18 1 2 3 7 6 9 3 8 7 6 16 18 19 20 3 4 6 10
13 1 3 7 6 9 3 8 9 3 7 6 16 17
25 1 2 3 8 7 6 15 20 3 8 7 6 15 20 3 8 7 6 15 20 3 7 6 16 17
19 1 3 4 5 6 16 18 19 20 3 8 9 6 9 6 11 12 13 14
7 1 2 3 4 5 6 10
128 20 23 26 29 32 35 38 41 44 47 50 53 56 59 62 65 68 71 74 77 80 83 86 89 92 95 98 101 104 107 110 113 116 119 122 125 128 131 134 137 140 143 146 149 152 155 158 161 164 167 170 173 176 179 182 185 188 191 194 197 200 203 206 209 212 215 218 221 224 227 230 233 236 239 242 245 248 251 254 257 260 263 266 269 272 275 278 281 284 287 290 293 296 299 302 305 308 311 314 317 320 323 326 329 332 335 338 341 344 347 350 353 356 359 362 365 368 371 374 377 380 383 386 389 392 395 398 401
64 30 36 42 48 55 61 67 74 80 86 93 99 105 112 118 124 131 137 143 150 156 162 169 175 181 188 194 200 207 213 219 226 235 244 253 263 272 281 290 300 309 318 328 337 346 355 365 374 383 393 401 410 419 428 437 446 455 463 472 481 490 499 508 517
128 17 27 37 48 58 69 79 90 100 111 121 132 143 153 164 174 185 196 206 217 228 238 249 259 270 281 291 302 313 323 334 345 357 370 383 395 408 421 433 446 459 471 484 497 509 522 535 548 561 575 589 602 616 630 643 657 671 684 698 712 725 739 753 767 780 794 808 822 836 850 864 878 891 905 919 933 947 961 975 988 1002 1016 1030 1044 1058 1072 1086 1099 1113 1127 1141 1155 1169 1183 1197 1210 1224 1238 1252 1266 1280 1294 1308 1322 1336 1349 1363 1377 1391 1405 1419 1433 1447 1461 1475 1488 1502 1516 1530 1544 1558 1572 1586 1600 1614 1627 1641 1655
128 5 6 7 8 10 11 12 14 15 16 17 18 19 20 21 22 23 24 26 27 28 29 30 32 33 34 35 36 38 39 40 41 43 45 47 49 51 52 54 56 58 60 62 64 66 68 70 71 73 75 77 78 80 82 83 85 87 88 90 92 94 95 97 99 100 102 104 106 108 109 111 113 115 116 118 120 122 124 125 127 129 131 133 134 136 138 140 142 143 145 147 149 151 152 154 156 158 160 163 165 167 169 171 174 176 178 180 182 185 187 189 191 194 196 198 200 202 205 207 209 211 214 216 218 220 222 225 227
96 13 20 27 34 41 48 55 62 67 76 83 90 98 104 111 118 125 132 139 146 153 160 167 174 181 188 195 202 209 216 223 230 233 244 251 258 265 272 279 286 293 300 307 314 321 328 335 342 349 356 363 370 377 384 391 398 405 412 419 426 430 440 447 454 461 468 475 482 489 496 503 510 517 524 531 538 545 552 559 566 573 580 587 594 601 608 615 622 629 636 643 650 657 664 671 678
128 15 21 27 33 40 46 52 59 65 72 78 85 91 98 104 111 119 126 134 142 150 157 165 173 180 188 196 204 211 219 227 235 244 253 262 271 280 289 298 307 316 325 334 344 353 362 371 380 392 403 415 427 439 450 462 474 486 497 509 521 533 544 556 568 577 587 596 606 615 625 634 644 653 663 672 682 691 701 710 720 729 739 748 758 767 777 786 796 805 815 824 834 843 853 862 872 884 897 910 923 936 948 961 974 987 1000 1012 1025 1038 1051 1064 1076 1089 1102 1115 1128 1141 1153 1166 1179 1192 1205 1217 1230 1243 1256 1269 1281
128 25 38 52 65 79 92 106 119 132 146 159 172 185 199 212 225 240 255 270 284 299 314 329 344 358 373 388 403 418 432 446 459 472 486 499 512 526 539 552 566 579 592 606 619 632 646 659 674 690 705 720 735 751 766 781 796 812 827 842 858 873 888 903 917 932 946 961 975 990 1004 1019 1033 1048 1062 1077 1091 1106 1121 1135 1150 1164 1179 1193 1208 1222 1237 1251 1266 1280 1295 1309 1324 1338 1353 1367 1382 1398 1414 1430 1446 1462 1478 1494 1510 1526 1542 1558 1574 1590 1606 1621 1637 1653 1669 1685 1701 1717 1733 1749 1765 1781 1797 1813 1829 1845 1861 1877 1893
64 5 9 13 17 21 24 28 31 35 38 41 45 48 51 54 57 60 63 66 69 72 75 77 80 83 86 88 91 94 96 99 102 104 107 109 112 115 117 120 122 125 128 130 133 135 138 141 144 146 149 152 155 157 160 163 166 169 172 175 179 182 185 188 192
128 27 37 48 58 69 80 90 101 109 117 125 133 141 149 157 165 173 181 189 197 206 214 222 230 238 246 254 262 271 279 287 295 315 336 356 376 396 417 437 457 478 498 518 538 559 579 599 620 609 599 589 579 568 558 548 537 527 517 507 496 486 476 466 455 470 484 499 513 528 542 557 571 586 600 615 629 644 658 673 687 702 716 731 745 760 774 788 803 817 832 846 861 875 890 904 919 930 942 954 965 977 989 1000 1012 1024 1035 1047 1059 1070 1082 1094 1105 1117 1129 1140 1152 1163 1175 1187 1198 1210 1222 1233 1245 1257 1268 1280 1292
115 3 3 3 3 3 3 3 3 3 3 3 3 3 3 3 4 4 4 4 4 4 4 4 4 4 4 4 4 4 4 4 4 4 4 4 4 4 4 4 4 4 5 5 5 5 5 5 5 5 5 5 5 5 5 5 5 5 5 5 5 5 5 6 6 6 6 6 6 6 6 6 6 6 6 6 7 7 7 7 7 7 7 7 7 7 7 7 7 7 7 7 7 7 7 7 7 8 8 8 8 8 8 8 8 8 8 8 8 8 8 8 8 8 8 8
49 7 12 18 24 30 36 42 48 54 60 66 72 78 84 90 96 102 108 114 120 126 132 138 144 150 156 162 168 174 180 186 192 196 201 206 211 216 221 226 231 235 240 245 250 255 260 265 270 275
64 5 11 17 22 27 32 37 42 47 52 56 60 64 69 73 77 80 84 88 92 95 99 102 105 109 112 116 119 122 126 129 132 135 139 142 146 149 152 156 160 163 167 171 174 178 182 187 191 195 200 204 209 214 219 224 229 234 240 246 252 258 264 270 277
50 4 6 8 11 13 15 18 20 22 25 26 27 28 29 30 31 32 33 34 35 35 36 37 38 39 40 41 42 43 44 44 45 46 47 48 48 49 50 51 52 52 53 54 55 56 56 57 58 59 60
128 6 13 20 27 33 40 46 53 59 65 71 77 83 89 95 100 106 112 117 122 128 133 138 144 149 154 159 164 169 174 179 184 188 193 198 203 207 212 216 221 225 230 234 239 243 248 252 257 261 266 270 274 279 283 287 292 296 301 305 309 314 318 323 327 332 336 341 345 350 354 359 364 368 373 378 382 387 392 397 402 407 412 417 422 428 433 438 444 449 455 460 466 471 477 483 489 495 501 507 514 520 526 533 539 546 553 560 567 574 581 588 595 603 610 618 626 634 642 650 658 666 675 683 692 701 710 719 728
16 10 18 26 34 43 49 56 63 70 76 80 86 93 100 110 113
51 7 15 23 31 38 46 53 60 68 75 82 89 96 102 109 116 122 129 135 142 148 155 161 167 173 179 185 192 198 204 209 215 221 227 233 239 245 250 256 262 268 273 279 285 291 296 302 308 314 320 325
8 10 12 15 18 21 24 27 30
128 13 20 27 34 41 48 55 62 67 73 78 83 88 93 98 104 110 116 122 128 134 141 147 153 159 165 171 177 184 190 196 202 208 214 223 232 241 249 258 267 276 285 293 302 311 320 329 337 346 354 363 371 380 388 396 405 413 422 430 438 447 455 464 472 482 491 501 510 520 529 539 548 558 568 577 587 596 606 615 625 635 644 654 663 673 682 692 702 711 721 730 740 749 759 769 778 789 799 810 821 831 842 853 863 874 885 895 906 917 927 938 949 959 970 981 991 1002 1013 1023 1034 1045 1055 1066 1076 1087 1098 1108 1119
81 4 9 14 19 24 29 33 38 43 47 52 56 61 65 70 74 78 83 87 91 95 99 104 108 112 116 120 124 128 132 135 139 143 147 151 154 158 162 165 169 173 176 180 183 187 191 194 198 201 205 208 211 215 218 222 225 228 232 235 238 242 245 248 252 255 258 261 265 268 271 274 278 281 284 287 291 294 297 300 304 307
128 10 15 21 27 32 38 44 50 55 61 67 72 78 84 89 95 101 106 112 117 123 128 134 139 145 150 156 161 167 172 178 183 190 196 202 209 215 221 227 234 240 246 253 259 265 271 278 284 291 297 304 311 317 324 331 337 344 351 357 364 371 377 384 390 397 403 409 416 422 428 435 441 447 454 460 466 473 479 485 492 498 504 511 517 523 530 536 542 548 555 561 567 574 580 586 593 599 606 613 619 626 633 640 646 653 660 666 673 680 686 693 700 706 713 720 726 733 740 747 753 760 767 773 780 787 793 800 807
3 5 8 11 14 17 29 73
8 13 20
500
0 1001552 4 5307 132
1 1001977 5 63692 207
2 1001880 7 39756 244
3 1000733 5 28632 71
4 1000577 2 99065 48
5 1001266 7 32835 75
6 1000635 1 95661 37
7 1001840 7 89652 169
8 1000966 5 13200 181
9 1000889 3 80071 104
10 1001979 5 62523 226
11 1001772 5 34144 31
12 1001648 5 1841 47
13 1001473 7 52275 0
14 1001253 4 43665 124
15 1001495 3 92228 32
16 1000391 5 29060 122
17 1001645 2 71171 229
18 1000186 1 41951 250
19 1000223 3 72256 149
20 1001447 1 71755 170
21 1001668 5 26635 147
22 1000911 1 78157 197
23 1000649 5 31734 148
24 1000376 2 24476 16
25 1001254 6 34087 243
26 1000141 1 88962 66
27 1001795 2 5065 41
28 1001839 6 70858 200
29 1001715 6 68757 141
30 1001068 7 30868 110
31 1001833 6 77307 214
32 1001187 3 59057 252
33 1001352 6 91780 182
34 1000168 3 80319 59
35 1000996 5 82595 171
36 1001730 2 31856 8
37 1001498 3 15354 112
38 1000761 7 22346 170
39 1000872 7 8152 51
40 1001603 2 91446 112
41 1000092 7 75218 37
42 1000054 1 83231 96
43 1001241 7 75492 61
44 1000801 1 48515 59
45 1000074 5 2836 99
46 1001968 2 94125 63
47 1000981 2 95310 31
48 1001918 6 2987 217
49 1001270 1 34069 35
50 1000452 1 84794 154
51 1000717 4 23635 31
52 1001031 4 5162 51
53 1001432 4 26130 133
54 1000734 6 61633 86
55 1001428 6 26662 29
56 1001615 6 20737 82
57 1000701 5 32859 60
58 1001222 4 87243 89
59 1000027 4 89297 209
60 1001843 5 66664 159
61 1001329 3 50941 128
62 1000314 5 90548 6
63 1000937 6 10365 171
64 1001513 1 71346 143
65 1000276 2 99899 246
66 1000721 5 37733 183
67 1001208 6 81406 67
68 1001465 3 50859 212
69 1001697 6 10581 0
70 1001217 2 91565 171
71 1000327 2 29242 229
72 1000775 6 88314 212
73 1000064 4 91991 214
74 1001581 6 92931 23
75 1000339 4 8374 132
76 1001436 2 58506 249
77 1001859 5 79165 0
78 1001810 1 64826 166
79 1000639 7 61197 25
80 1001656 7 54413 96
81 1001123 6 10941 66
82 1000030 4 88935 213
83 1000647 1 27988 7
84 1001469 7 310 50
85 1000390 1 79739 101
86 1001789 3 36698 93
87 1000205 4 51996 41
88 1000044 3 59373 59
89 1001764 3 17488 177
90 1000235 7 20243 142
91 1001743 1 5545 20
92 1000421 6 34036 161
93 1001938 3 74380 21
94 1001733 6 91925 253
95 1001458 6 60119 222
96 1000762 7 70508 91
97 1000425 4 76956 149
98 1000018 2 19795 138
99 1000682 3 48130 47
100 1000692 7 81336 18
101 1000084 3 21478 76
102 1001194 3 47305 202
103 1001123 2 38458 58
104 1000979 6 31419 24
105 1000630 2 68558 36
106 1000619 4 43060 153
107 1000849 1 13029 246
108 1000970 3 45044 63
109 1000981 1 91698 254
110 1000873 1 39572 171
111 1001504 6 20404 85
112 1001283 5 49227 44
113 1000134 7 11098 101
114 1001535 2 8016 197
115 1000016 1 51618 148
116 1000918 4 76663 111
117 1000866 1 48278 112
118 1000534 5 21835 220
119 1000393 3 15075 32
120 1001683 7 92014 14
121 1001849 5 59194 103
122 1000243 4 52161 131
123 1000424 6 5519 110
124 1001276 2 13715 101
125 1000938 4 47402 77
126 1000214 5 63951 75
127 1001154 4 83672 216
128 1001797 5 64934 165
129 1001707 4 65359 103
130 1001111 5 28676 4
131 1000696 6 97916 162
132 1001675 3 4649 75
133 1001790 3 78983 79
134 1001725 4 76409 150
135 1001470 6 61661 33
136 1001638 1 67703 20
137 1000135 2 17105 20
138 1000615 1 99471 229
139 1000677 7 21062 76
140 1001779 6 60390 190
141 1001034 4 69443 17
142 1001175 1 88942 39
143 1001529 4 98910 105
144 1000593 5 78462 213
145 1001691 4 50931 119
146 1001743 7 2685 0
147 1001517 2 39642 130
148 1000681 1 64686 134
149 1001931 7 39690 208
150 1000786 7 50290 31
151 1000335 6 16689 122
152 1000587 6 43782 28
153 1001928 1 63089 213
154 1000288 4 78901 41
155 1001379 6 19841 180
156 1000842 1 80187 238
157 1000791 4 6165 51
158 1000964 7 19841 10
159 1000066 5 80924 67
160 1001290 3 13801 177
161 1000399 4 64268 56
162 1001804 1 79970 239
163 1001258 6 44285 63
164 1001985 6 93536 151
165 1001614 7 16661 198
166 1001637 3 97752 62
167 1001062 7 24790 19
168 1001601 4 58272 190
169 1001549 2 59700 182
170 1001617 6 9875 22
171 1001847 1 63723 130
172 1001845 1 68166 110
173 1000470 1 82239 215
174 1001038 3 14870 74
175 1000872 5 55320 43
176 1001916 1 54479 32
177 1000203 4 20468 15
178 1001620 4 56504 213
179 1000061 4 42533 129
180 1000160 3 9219 62
181 1000735 6 3851 176
182 1000712 2 1307 118
183 1001677 3 9243 73
184 1000425 1 26843 63
185 1001531 1 38439 188
186 1001412 1 79279 119
187 1001759 2 24510 232
188 1000230 4 45148 132
189 1000266 1 27279 185
190 1000686 4 38356 151
191 1001919 5 83351 167
192 1000376 5 10592 52
193 1001092 5 40340 80
194 1000771 2 16415 114
195 1000646 5 31830 121
196 1001545 2 38150 190
197 1000859 6 6063 67
198 1001231 1 51617 39
199 1001438 1 17305 215
200 1000613 5 54625 72
201 1001210 4 39064 181
202 1000173 2 58303 189
203 1001304 5 7584 192
204 1000836 1 54687 164
205 1000903 2 48706 150
206 1001950 4 11935 94
207 1001631 1 36304 57
208 1001143 5 90204 78
209 1001629 6 58480 204
210 1000379 7 55274 221
211 1000357 2 59435 174
212 1001919 5 18687 181
213 1000947 6 83533 44
214 1000989 7 26692 150
215 1000003 7 91619 229
216 1001267 4 1020 111
217 1000611 1 82434 154
218 1001116 5 20477 217
219 1001446 7 61792 47
220 1001388 4 99627 118
221 1001113 7 53125 143
222 1001294 1 15838 138
223 1001809 6 5315 0
224 1000525 4 68958 202
225 1000910 1 97852 129
226 1000724 3 98989 100
227 1001219 1 4647 36
228 1001622 3 40057 174
229 1000242 5 32644 83
230 1000139 4 37971 144
231 1001064 2 75233 107
232 1001088 1 53845 206
233 1001518 7 36519 149
234 1000905 3 74480 70
235 1000321 1 91362 61
236 1000781 4 77472 239
237 1000285 5 87590 153
238 1000725 6 61954 212
239 1000446 4 64076 162
240 1001009 6 7894 227
241 1000614 2 97677 253
242 1000107 5 28275 13
243 1000727 4 51245 5
244 1001733 5 8711 41
245 1001405 6 87689 202
246 1000013 3 5398 59
247 1001271 1 35433 149
248 1001489 2 18440 147
249 1000391 1 56888 235
250 1001467 3 50349 86
251 1000677 4 84936 222
252 1000303 4 92908 75
253 1001073 3 16938 106
254 1001864 2 58213 178
255 1001616 4 56006 251
256 1000797 6 28857 100
257 1000899 2 76878 25
258 1001855 4 4362 119
259 1001296 1 24479 186
260 1000116 6 83634 88
261 1000477 5 38998 44
262 1001443 7 67125 145
263 1001579 3 53928 234
264 1000110 6 91332 220
265 1001189 4 64252 130
266 1001442 4 28236 172
267 1000544 1 5742 26
268 1000333 3 508 148
269 1001340 1 18404 32
270 1001611 4 89196 113
271 1001987 5 51972 113
272 1000929 2 44500 52
273 1001241 1 41816 165
274 1001097 4 42618 130
275 1000059 5 5814 97
276 1000755 1 27472 177
277 1000384 7 26427 128
278 1001377 6 96417 154
279 1000639 5 50420 130
280 1000987 3 93387 122
281 1000091 3 72349 37
282 1000018 4 64921 224
283 1000097 7 54018 252
284 1000943 4 15483 43
285 1000166 2 12941 78
286 1000847 2 57756 39
287 1001675 4 73271 201
288 1000080 2 32733 250
289 1000450 2 36569 180
290 1000654 4 14063 146
291 1001249 5 26370 151
292 1001592 4 67376 236
293 1001098 6 34209 139
294 1000474 1 15563 50
295 1000353 6 54351 127
296 1000446 3 96480 3
297 1001519 5 67540 219
298 1001759 1 15964 196
299 1001321 3 15499 183
300 1000470 6 93920 144
301 1000453 6 31476 33
302 1001061 3 88428 167
303 1000478 3 82381 245
304 1000587 5 22464 70
305 1001658 1 72499 167
306 1000751 5 83207 12
307 1001662 2 51850 79
308 1001998 2 66909 39
309 1000277 7 27067 254
310 1001166 7 91187 109
311 1000481 6 17319 119
312 1001556 4 46330 67
313 1001288 4 14158 13
314 1001078 5 47005 250
315 1000933 3 1657 112
316 1001137 6 21370 253
317 1001657 6 63035 160
318 1001442 7 10325 132
319 1000281 5 52672 97
320 1001682 3 38238 196
321 1001932 1 27350 19
322 1000645 6 97921 127
323 1000702 7 57829 115
324 1000532 3 88026 83
325 1000624 1 46709 29
326 1001499 6 19821 180
327 1000045 4 82291 31
328 1000050 2 5894 6
329 1000462 6 42818 34
330 1001681 1 45211 216
331 1000278 2 58847 222
332 1000290 3 40889 90
333 1001329 3 95429 209
334 1000783 1 53646 135
335 1001093 5 96422 236
336 1001554 1 74021 62
337 1000837 4 22455 1
338 1001025 2 81507 75
339 1000163 3 31114 90
340 1000505 1 22131 86
341 1001470 1 55991 53
342 1001270 6 59967 76
343 1001259 5 5250 129
344 1000696 7 96734 192
345 1000055 6 4761 254
346 1000183 3 38370 77
347 1000938 2 66511 182
348 1000332 6 98695 207
349 1000691 3 64529 201
350 1000030 3 69513 147
351 1001127 4 4579 134
352 1001913 6 5021 233
353 1000809 6 15731 206
354 1000709 4 6705 10
355 1000559 6 4493 130
356 1001394 6 76285 148
357 1001405 7 27145 174
358 1000790 7 32852 106
359 1000237 5 43181 124
360 1001200 6 94383 180
361 1000332 7 20062 169
362 1001733 6 1192 26
363 1001156 2 45165 185
364 1000596 6 38460 165
365 1001013 7 52909 220
366 1000348 1 18450 22
367 1000904 2 44741 4
368 1001942 6 62969 131
369 1001530 5 24597 35
370 1001124 4 36531 89
371 1001084 2 8296 80
372 1001187 1 66051 196
373 1001545 4 34834 159
374 1000583 1 56192 143
375 1001937 3 70500 162
376 1000700 2 92481 221
377 1001621 2 777 79
378 1001606 6 91933 196
379 1000739 4 4767 210
380 1001303 5 99646 116
381 1001842 1 47478 81
382 1001393 2 82695 181
383 1001285 6 65142 9
384 1001496 6 32663 123
385 1000562 2 99363 215
386 1000159 5 58744 121
387 1001523 6 58938 51
388 1001961 2 21560 225
389 1001891 1 55935 202
390 1001925 3 33121 223
391 1001805 7 46684 167
392 1000185 3 3950 252
393 1000022 7 32842 103
394 1001561 4 50676 223
395 1001588 6 82005 199
396 1001427 7 5036 238
397 1000726 7 74553 64
398 1001155 6 36484 167
399 1001683 1 52179 242
400 1001886 5 17740 21
401 1000166 5 45539 184
402 1000009 1 25006 56
403 1001375 5 61749 22
404 1000644 7 3328 161
405 1000804 2 83306 140
406 1000832 6 18630 75
407 1000827 7 40121 30
408 1000333 2 17558 246
409 1001444 6 93884 23
410 1001494 7 68107 22
411 1001686 5 90596 198
412 1001944 2 45181 42
413 1000165 5 22863 135
414 1000412 7 34206 167
415 1001434 6 33277 132
416 1001059 4 20343 229
417 1001131 2 5060 90
418 1001313 5 4430 161
419 1001674 1 25283 233
420 1001251 2 60119 81
421 1001453 3 85880 69
422 1000975 7 72866 29
423 1001112 1 67853 175
424 1000005 7 10485 53
425 1000875 5 46180 231
426 1000687 7 49554 185
427 1001723 7 83437 60
428 1000278 3 2979 93
429 1001502 2 2517 172
430 1001814 5 25342 22
431 1000847 6 8132 159
432 1001631 4 6847 86
433 1000732 7 10148 209
434 1000110 4 46528 130
435 1001376 3 73759 232
436 1000844 2 4023 232
437 1001643 3 24969 198
438 1000131 3 12623 63
439 1000053 3 2797 90
440 1000826 5 90515 6
441 1000661 4 72621 253
442 1000975 1 6780 205
443 1001619 7 34373 14
444 1001327 5 12546 41
445 1000683 3 12909 241
446 1001982 1 20221 146
447 1001965 1 96 192
448 1000691 2 71865 75
449 1000328 2 20838 124
450 1001931 5 43028 12
451 1000989 6 88925 203
452 1000090 2 31496 144
453 1000672 2 31220 180
454 1000462 2 55149 237
455 1000744 5 18088 197
456 1001156 7 1766 83
457 1001905 5 739 199
458 1001471 7 22540 76
459 1000039 1 42379 1
460 1000078 1 14668 75
461 1001594 2 88289 194
462 1001613 1 54885 223
463 1001163 6 43637 126
464 1001889 2 47714 110
465 1001092 4 9575 66
466 1000835 5 86335 179
467 1001978 1 56563 223
468 1000503 4 50038 115
469 1001876 4 31465 246
470 1000813 5 9047 129
471 1000564 5 48733 11
472 1001237 5 62201 121
473 1000565 1 80081 164
474 1001776 7 51220 54
475 1001094 7 6386 73
476 1001461 4 3513 215
477 1001497 7 51526 221
478 1001893 1 93480 235
479 1001237 4 21153 86
480 1000697 4 53884 81
481 1001208 7 37187 57
482 1001911 3 45275 73
483 1001287 3 61955 27
484 1000400 3 23187 166
485 1000606 4 83156 21
486 1000596 5 56520 17
487 1001397 4 35268 192
488 1001490 2 45466 68
489 1000270 1 80365 182
490 1000339 1 56437 203
491 1000949 1 84135 39
492 1001592 4 71423 70
493 1000346 2 27193 84
494 1000467 1 68853 69
495 1001677 4 46790 147
496 1001467 7 43932 60
497 1001643 7 53592 134
498 1001841 2 44889 169
499 1001091 6 18951 192
500
0 1001515 6 72808 156
1 1000480 4 45420 199
2 1001942 4 67050 156
3 1001975 4 53255 50
4 1001399 2 19353 2
5 1001194 5 83107 54
6 1001427 7 84851 104
7 1001220 6 79054 56
8 1000546 6 95935 86
9 1000769 1 4722 5
10 1000236 3 94695 246
11 1000651 1 88602 231
12 1000755 5 91316 129
13 1001365 4 29979 81
14 1001150 5 10215 86
15 1000052 7 84308 85
16 1001799 5 53596 106
17 1000897 6 89610 207
18 1000540 1 76997 68
19 1001883 4 22458 225
20 1001157 1 49159 44
21 1001319 5 53109 171
22 1000477 5 59707 20
23 1000982 5 13344 137
24 1001706 5 64262 201
25 1000968 3 23727 117
26 1001107 3 20912 154
27 1001745 5 18828 233
28 1000140 1 62668 201
29 1001159 4 72895 47
30 1000543 4 30101 56
31 1000607 2 47116 48
32 1000283 6 7433 70
33 1001201 5 26019 3
34 1000067 7 53000 251
35 1001462 6 14031 242
36 1001145 3 44964 49
37 1001404 1 31679 116
38 1001019 7 40829 140
39 1000460 1 64964 181
40 1001939 5 44679 46
41 1000158 3 75192 216
42 1000463 6 48169 195
43 1001762 7 19068 118
44 1000589 2 97307 246
45 1001351 7 47077 144
46 1000787 5 16957 61
47 1000821 3 65570 241
48 1000468 6 92970 191
49 1001294 3 56613 142
50 1000735 4 93634 144
51 1001774 1 62879 149
52 1000247 4 20220 176
53 1001910 2 97429 95
54 1001903 3 65445 117
55 1000225 6 50320 199
56 1000951 5 60526 112
57 1001383 4 65828 159
58 1000996 2 41226 0
59 1000188 4 41569 201
60 1001824 2 56539 24
61 1001178 7 5301 208
62 1000191 3 26254 167
63 1000365 1 23701 186
64 1000057 2 5728 4
65 1000783 5 591 66
66 1000238 7 79253 102
67 1000167 6 61092 101
68 1001736 1 68187 212
69 1000136 5 23218 119
70 1000464 4 50061 243
71 1001653 1 57123 107
72 1000780 7 5400 137
73 1000058 5 45491 188
74 1001693 3 88760 232
75 1001312 2 78107 47
76 1000515 1 93696 52
77 1000558 1 90748 72
78 1001271 7 86357 69
79 1000776 2 75128 163
80 1000412 4 66587 61
81 1001146 1 90850 243
82 1000255 5 58680 240
83 1000365 4 71798 173
84 1000263 4 33350 193
85 1000160 5 66250 171
86 1001679 7 30614 232
87 1000508 3 62987 210
88 1000048 4 94820 3
89 1001131 4 58469 114
90 1000879 2 33190 244
91 1000972 2 29919 225
92 1000580 3 85629 248
93 1001227 2 68470 44
94 1000384 3 67870 62
95 1001937 1 20331 175
96 1000075 3 81499 82
97 1001568 4 51158 96
98 1000842 4 25173 85
99 1000800 1 44429 96
100 1001482 3 24013 222
101 1000311 6 90274 252
102 1001840 6 74808 109
103 1001224 4 4314 124
104 1000998 5 41640 100
105 1000001 1 8162 68
106 1000497 4 88370 114
107 1001353 6 14294 217
108 1001893 6 83109 146
109 1001813 6 44322 252
110 1001403 2 21393 190
111 1001141 7 46732 224
112 1000800 4 86932 162
113 1001732 4 8825 75
114 1000450 7 14851 79
115 1001953 4 60802 107
116 1001827 3 92304 23
117 1000043 4 27175 44
118 1001748 4 76740 210
119 1001107 2 83019 2
120 1001967 6 17876 250
121 1000632 4 71293 33
122 1000160 5 95746 252
123 1001540 1 26733 214
124 1001263 7 47188 159
125 1000171 6 3046 122
126 1001257 7 3656 188
127 1000314 4 33869 56
128 1001215 4 36498 112
129 1000783 4 97777 173
130 1000467 7 77363 135
131 1001916 1 5769 79
132 1000646 6 76570 248
133 1000129 5 62842 222
134 1000654 4 95573 12
135 1000238 4 79582 68
136 1001559 2 4080 60
137 1001444 4 32491 16
138 1001288 3 34625 196
139 1000236 3 38225 191
140 1001261 7 83514 97
141 1001525 7 71005 30
142 1000693 5 72383 7
143 1000330 4 2878 132
144 1000679 2 45095 50
145 1001256 5 54743 34
146 1000515 5 13657 38
147 1001763 5 16812 248
148 1000070 5 29281 177
149 1000198 5 92720 111
150 1000362 6 86949 117
151 1000817 2 79795 224
152 1000713 2 35282 178
153 1001994 5 26319 110
154 1000953 7 41122 65
155 1000566 5 87092 0
156 1000170 6 43003 157
157 1001786 6 42372 17
158 1000173 5 1851 149
159 1001645 1 21822 140
160 1000412 5 72703 177
161 1001771 4 11654 212
162 1001029 5 53632 62
163 1000164 5 60681 165
164 1000356 3 31594 223
165 1001379 6 37583 16
166 1000046 7 1078 137
167 1000156 7 86667 160
168 1000649 5 85655 147
169 1000099 7 92860 127
170 1001739 6 67713 71
171 1000531 5 7352 198
172 1000857 3 76341 115
173 1000519 3 69835 250
174 1001821 4 92834 62
175 1000867 3 22222 26
176 1000473 6 62564 196
177 1000062 2 10631 157
178 1000201 7 23937 65
179 1001966 4 1992 185
180 1001076 4 16327 126
181 1001023 3 35200 206
182 1000883 4 91408 29
183 1000336 6 68713 182
184 1000414 2 19812 113
185 1001636 3 19045 95
186 1001129 3 71326 13
187 1000371 2 94604 213
188 1001894 6 20558 124
189 1001552 5 16885 86
190 1001525 2 68684 153
191 1001635 7 92917 10
192 1001478 4 26187 31
193 1000843 2 49941 198
194 1000435 4 69890 252
195 1000211 2 11268 5
196 1001841 7 10715 5
197 1001969 6 31855 202
198 1000922 6 36149 211
199 1001992 3 86749 202
200 1000528 6 10045 80
201 1001200 2 97095 107
202 1001757 1 99826 27
203 1001047 7 8787 228
204 1000509 4 93080 68
205 1001228 6 66806 148
206 1000027 5 19365 179
207 1001365 3 48107 152
208 1001027 6 90215 129
209 1000273 1 62843 102
210 1001246 4 44483 242
211 1000617 4 18262 243
212 1001676 3 91880 169
213 1000714 7 83606 194
214 1000810 5 52596 152
215 1001381 7 99241 120
216 1000386 4 28363 135
217 1001053 2 66802 71
218 1001654 5 67815 243
219 1001878 3 33945 221
220 1000617 4 85267 26
221 1001616 6 25471 131
222 1000939 6 9015 9
223 1000412 5 13529 131
224 1001625 1 28388 94
225 1001265 2 86677 184
226 1001248 7 35085 4
227 1001381 6 2162 10
228 1001244 2 40686 120
229 1000804 7 65511 185
230 1001757 3 11510 221
231 1001601 1 91684 12
232 1001573 2 1871 139
233 1000722 6 27344 196
234 1000403 3 24180 91
235 1001016 6 19812 208
236 1001201 6 29713 1
237 1000110 4 79231 16
238 1001323 6 84968 69
239 1001029 1 54962 158
240 1000679 6 82087 96
241 1001463 1 44451 70
242 1000647 6 97914 140
243 1000995 4 79819 169
244 1000552 6 10211 234
245 1001646 7 20917 55
246 1001049 3 73260 207
247 1001245 4 55218 81
248 1001244 4 16568 57
249 1001197 7 14607 95
250 1001529 4 38563 51
251 1001402 7 55807 134
252 1000565 7 14502 182
253 1001042 7 70257 38
254 1000016 1 79670 7
255 1001994 7 18153 62
256 1000835 4 63090 13
257 1000641 6 18408 43
258 1001439 4 84398 115
259 1000099 2 54057 14
260 1000096 5 52350 67
261 1001147 6 92190 152
262 1000832 4 71611 28
263 1001521 7 58418 74
264 1001148 2 84443 106
265 1001205 2 11703 240
266 1000589 3 33124 108
267 1000825 6 1179 26
268 1001072 7 9197 5
269 1001309 3 20252 72
270 1001705 7 66494 68
271 1001921 1 43545 3
272 1001516 7 42379 74
273 1000676 5 98444 32
274 1000176 3 27146 129
275 1000923 3 89430 248
276 1000963 5 69003 43
277 1000165 3 57509 196
278 1001590 4 71069 245
279 1001129 4 67981 37
280 1001856 2 18839 204
281 1001697 7 67036 160
282 1000303 1 18767 79
283 1000070 4 84481 59
284 1001360 1 68729 137
285 1001157 3 46168 244
286 1000823 5 41836 238
287 1001049 3 30448 19
288 1001485 4 47971 175
289 1001623 5 904 127
290 1001176 1 62298 56
291 1000753 4 81134 124
292 1001117 1 67985 57
293 1001995 1 74699 183
294 1000081 3 23570 174
295 1000551 4 63327 214
296 1000002 7 84921 120
297 1001340 6 62576 176
298 1001399 7 95112 82
299 1001888 1 99773 245
300 1001077 6 21613 197
301 1001424 3 89778 247
302 1000436 1 92693 232
303 1001276 5 87934 88
304 1001252 4 41321 167
305 1000880 5 82380 73
306 1001049 4 51308 121
307 1000754 4 38695 123
308 1000432 3 31693 190
309 1001929 4 31217 172
310 1001277 6 19198 164
311 1000498 2 99597 131
312 1001127 2 70324 58
313 1001830 4 62892 104
314 1001416 2 78686 183
315 1001239 2 93050 45
316 1001107 4 27564 150
317 1000798 3 67076 103
318 1000724 7 53309 161
319 1001496 1 5679 98
320 1001959 2 79157 83
321 1001734 5 60075 41
322 1000513 5 37719 249
323 1000859 7 41181 197
324 1000111 7 15078 30
325 1000685 2 99996 136
326 1001259 6 73241 224
327 1000632 5 54378 246
328 1000767 2 88657 45
329 1001487 1 82333 46
330 1001036 1 86522 169
331 1001957 6 78201 49
332 1001845 5 30793 10
333 1000084 7 12515 159
334 1000187 7 77083 200
335 1001453 2 75468 101
336 1000568 3 20808 94
337 1001209 2 17945 66
338 1001793 2 33801 253
339 1001614 3 19041 138
340 1000418 1 17872 208
341 1001994 2 26067 8
342 1000719 5 86310 245
343 1001388 2 99007 138
344 1000167 6 91674 142
345 1001621 5 96534 112
346 1000008 2 27150 1
347 1000856 2 19068 248
348 1001102 1 65972 163
349 1001944 2 87794 89
350 1000935 3 87054 226
351 1000473 6 83538 140
352 1001382 6 24740 51
353 1000716 4 35673 180
354 1001103 5 37058 111
355 1000585 5 51442 33
356 1000358 4 14916 48
357 1001058 7 18151 235
358 1000295 4 34289 99
359 1001559 7 23284 35
360 1000542 4 42868 192
361 1001048 1 45132 199
362 1001506 6 50326 64
363 1001581 6 93382 77
364 1001343 1 40029 227
365 1001057 7 75427 212
366 1000430 4 26667 200
367 1000179 1 70164 205
368 1000249 5 88276 238
369 1001534 6 22011 16
370 1000412 2 31551 48
371 1001225 4 53280 35
372 1001817 7 71824 108
373 1001076 2 28639 251
374 1000186 2 13060 66
375 1001236 2 72121 220
376 1001230 4 84021 134
377 1001377 7 61780 14
378 1000718 3 26989 17
379 1001996 2 57743 110
380 1001060 6 27793 3
381 1000293 2 59473 241
382 1000187 5 36185 148
383 1000803 3 96733 152
384 1001796 6 11624 63
385 1001692 4 48572 45
386 1000471 7 17839 209
387 1001887 2 2337 248
388 1000579 2 67791 189
389 1001513 6 19083 59
390 1001040 3 41969 38
391 1000736 7 25116 102
392 1000604 5 91399 217
393 1001333 6 96685 193
394 1000808 1 18708 225
395 1000157 3 82504 79
396 1001078 2 78953 250
397 1000716 2 76731 76
398 1001794 5 56282 135
399 1001517 2 15306 80
400 1000285 4 70285 216
401 1001918 2 5022 153
402 1001536 4 75091 43
403 1001397 3 84855 50
404 1000206 4 32197 21
405 1000061 7 93146 44
406 1000953 7 34085 131
407 1001439 5 49332 83
408 1000486 6 15988 81
409 1001955 4 85222 124
410 1000026 2 18815 73
411 1001769 6 20231 90
412 1000139 1 36627 48
413 1000552 5 61320 132
414 1001184 4 5440 38
415 1000289 7 59181 30
416 1000710 3 33285 208
417 1000799 1 38861 123
418 1000434 7 11685 73
419 1000507 7 68537 109
420 1000927 3 1401 128
421 1000861 5 68062 66
422 1001455 3 93813 198
423 1001892 2 39091 48
424 1000911 6 83321 138
425 1000485 7 84841 134
426 1001849 7 40145 43
427 1000753 2 58975 13
428 1000791 6 58629 26
429 1001293 7 37401 217
430 1000958 5 74574 99
431 1000328 7 987 136
432 1000219 7 50449 131
433 1000405 4 61713 135
434 1001055 4 17395 254
435 1000549 7 22543 7
436 1000425 3 34304 55
437 1001346 1 57158 158
438 1000660 5 94447 98
439 1000676 4 16714 63
440 1000511 3 99770 241
441 1000904 2 90076 181
442 1000875 7 57195 209
443 1000746 5 13837 44
444 1001142 7 59354 67
445 1000196 1 68800 197
446 1001340 4 31123 201
447 1001304 6 12666 215
448 1000117 6 38841 87
449 1000617 3 69054 63
450 1001142 6 88838 172
451 1000000 2 200 47
452 1000694 7 44268 231
453 1001734 2 31820 191
454 1001805 6 74908 236
455 1000535 5 22441 230
456 1000819 1 13534 2
457 1000219 3 94991 106
458 1000639 5 15079 154
459 1001820 1 13417 147
460 1001516 1 32223 56
461 1001400 2 58271 84
462 1000339 4 33795 85
463 1000900 6 74835 13
464 1001148 4 2141 62
465 1000205 3 10862 195
466 1000427 3 94804 196
467 1000470 4 84559 188
468 1000382 4 83860 4
469 1001206 4 78968 119
470 1000580 3 67256 160
471 1000968 6 96666 239
472 1001803 6 94088 129
473 1000705 3 21471 95
474 1001800 2 60592 165
475 1001316 1 48800 242
476 1001273 7 92138 146
477 1001383 2 2755 52
478 1000940 6 67838 93
479 1000404 7 50945 169
480 1001129 2 4316 251
481 1000847 4 57785 188
482 1000024 2 74331 104
483 1000139 4 17240 44
484 1001472 5 90897 207
485 1001256 3 27245 40
486 1000876 1 71376 244
487 1001469 6 44923 1
488 1000404 5 38688 214
489 1000919 6 67349 145
490 1000131 1 11282 177
491 1000776 6 54069 195
492 1001600 6 91169 118
493 1000579 4 52500 0
494 1001285 4 83259 147
495 1001379 4 20187 204
496 1001381 7 56563 202
497 1001462 7 76834 154
498 1000961 5 48454 155
499 1000857 7 76784 87
500
0 1000709 1 55636 224
1 1001963 4 40680 33
2 1001396 2 43438 118
3 1000771 1 81908 173
4 1000319 2 65158 35
5 1001588 1 23223 16
6 1000468 6 23461 5
7 1001339 5 89008 223
8 1001382 4 23530 148
9 1000812 4 40831 19
10 1000326 4 20690 54
11 1001353 1 62076 144
12 1001502 7 40012 154
13 1000801 1 76805 136
14 1000679 7 60465 34
15 1000122 7 85306 150
16 1000450 4 83047 158
17 1001122 2 49495 34
18 1000868 1 5592 46
19 1000755 1 38613 158
20 1000118 1 4338 22
21 1000319 7 77852 86
22 1000962 6 10650 71
23 1000041 6 73494 69
24 1001629 1 10071 33
25 1001244 7 86644 59
26 1000413 7 13122 249
27 1000886 1 15091 242
28 1001469 7 58417 86
29 1001105 1 18114 190
30 1001494 7 55330 66
31 1000165 6 66394 17
32 1001495 5 32521 48
33 1001493 7 49564 190
34 1001082 3 73623 200
35 1001861 3 31743 46
36 1000312 5 53097 186
37 1001505 3 46256 191
38 1000042 1 163 73
39 1000527 6 89325 107
40 1001336 2 24408 59
41 1001696 4 96293 247
42 1001365 2 36113 133
43 1001673 2 5352 88
44 1001879 6 46046 165
45 1000409 6 12462 253
46 1000296 6 32941 164
47 1000388 6 15171 124
48 1000722 7 52350 52
49 1001960 3 50838 182
50 1000065 6 43518 118
51 1000807 1 99250 215
52 1001099 3 20873 134
53 1000095 6 35088 40
54 1000685 6 54593 3
55 1001584 6 34953 116
56 1001342 7 92886 91
57 1000518 3 68654 58
58 1000350 4 26116 37
59 1000835 3 90935 21
60 1000528 1 3938 81
61 1000674 2 53024 119
62 1001194 5 25943 16
63 1001316 5 98709 97
64 1000929 5 86275 230
65 1001214 5 43877 177
66 1000747 1 2189 214
67 1000744 2 62901 116
68 1001479 6 96182 197
69 1001565 5 1939 96
70 1001258 6 64794 211
71 1001551 4 21201 78
72 1001390 4 49975 227
73 1001694 6 94463 109
74 1000517 1 91890 81
75 1001860 5 291 154
76 1001865 6 24194 50
77 1000315 3 23118 203
78 1000525 5 84525 215
79 1000656 5 95460 217
80 1001004 4 15725 128
81 1001239 3 33687 129
82 1001478 3 49207 11
83 1001023 6 67338 103
84 1000864 3 95815 208
85 1001479 1 2826 212
86 1001137 1 36472 13
87 1000060 4 88962 199
88 1001942 5 45834 241
89 1001072 4 72861 243
90 1001184 2 76958 12
91 1001243 3 27558 157
92 1000881 1 28732 49
93 1000338 7 79475 232
94 1001287 2 65157 161
95 1001732 4 91071 79
96 1001000 7 33079 251
97 1000698 6 68807 114
98 1001587 1 47287 135
99 1000806 7 70138 49
100 1000628 2 66049 71
101 1000297 1 44560 99
102 1000090 1 64178 241
103 1000159 5 68622 25
104 1000285 6 61140 69
105 1001153 3 10611 154
106 1000730 2 61331 189
107 1000087 3 13534 51
108 1001278 6 14426 156
109 1001346 3 76038 187
110 1000369 7 932 243
111 1000829 4 82952 109
112 1000187 4 34972 248
113 1000884 6 64593 192
114 1000297 4 26960 217
115 1001286 7 25176 137
116 1000146 7 17938 238
117 1000659 3 38191 230
118 1000703 2 21269 236
119 1001998 2 92392 174
120 1001645 2 65172 79
121 1000198 5 76843 227
122 1001493 3 22832 44
123 1001353 3 21388 139
124 1001915 3 86827 59
125 1000230 4 42214 167
126 1000634 3 99887 0
127 1000387 6 85143 154
128 1001309 2 22251 81
129 1000973 2 10402 132
130 1001836 6 13864 26
131 1000775 6 11699 200
132 1000949 4 86925 72
133 1001447 2 7564 57
134 1000309 6 15695 206
135 1001244 1 36873 41
136 1001181 5 13064 111
137 1001747 6 39601 206
138 1001847 2 69608 231
139 1001439 3 44266 89
140 1001324 7 52912 133
141 1001828 2 21213 43
142 1000432 6 68174 183
143 1001383 6 59749 46
144 1000679 5 55619 154
145 1000939 7 7375 71
146 1000715 2 65471 115
147 1001903 2 8544 64
148 1001875 7 57669 222
149 1000203 3 98516 115
150 1000247 3 17562 102
151 1000485 5 71728 161
152 1001352 4 45020 246
153 1001846 5 86897 138
154 1001584 3 2389 92
155 1000556 2 65600 56
156 1000638 4 22806 56
157 1000099 4 69490 192
158 1001782 4 41616 172
159 1000464 3 64800 74
160 1001064 6 96690 13
161 1001997 6 63156 71
162 1000002 1 73662 9
163 1001745 2 14338 28
164 1000657 3 87490 99
165 1001568 1 88504 24
166 1001553 2 95940 90
167 1001832 7 47166 196
168 1001330 5 81213 188
169 1001834 4 27500 200
170 1001473 1 78164 114
171 1001165 1 58449 5
172 1000849 2 26368 32
173 1001185 6 16950 162
174 1001536 3 38648 231
175 1000700 5 54179 251
176 1000675 7 34895 155
177 1000908 7 70021 170
178 1000821 6 43954 206
179 1001832 7 36742 7
180 1000438 7 93563 239
181 1001541 3 52844 219
182 1001514 6 89449 66
183 1001882 2 62564 97
184 1001947 2 81859 98
185 1000159 7 35479 83
186 1001202 7 24243 248
187 1000248 4 32522 222
188 1001983 2 15235 27
189 1001056 1 92145 46
190 1001616 6 94725 48
191 1001808 5 18002 75
192 1001152 2 84685 183
193 1000749 1 12557 192
194 1001000 2 43995 104
195 1001243 2 78276 227
196 1001235 3 12511 71
197 1000856 7 12524 96
198 1001926 6 17073 91
199 1001893 6 34828 141
200 1001622 6 42555 86
201 1000912 6 44045 51
202 1001545 1 51945 5
203 1000127 2 45019 222
204 1001811 2 43372 218
205 1001206 1 43020 33
206 1000986 5 64644 152
207 1000501 4 93658 30
208 1000706 3 22154 45
209 1001147 3 60058 3
210 1001621 7 81313 81
211 1001753 2 96288 172
212 1001392 6 59530 34
213 1001620 4 35624 239
214 1000580 1 53016 12
215 1001656 4 14588 67
216 1001652 7 39398 168
217 1000609 5 20389 250
218 1001639 4 907 166
219 1001858 2 54278 13
220 1000611 7 23384 80
221 1000160 4 99207 231
222 1001781 7 70019 70
223 1001858 4 44510 67
224 1001416 5 47131 86
225 1001665 1 12180 124
226 1000230 2 62701 98
227 1000056 7 49312 168
228 1000541 3 77321 129
229 1000907 5 98244 19
230 1000638 7 58429 221
231 1001867 7 29207 242
232 1000030 5 78130 202
233 1001461 7 44165 109
234 1001954 5 45730 150
235 1001640 2 23208 143
236 1000408 7 15569 180
237 1001507 4 20231 154
238 1001662 3 93158 85
239 1001771 4 3630 39
240 1001686 2 51162 210
241 1000160 1 88684 127
242 1001097 1 28303 165
243 1001520 4 73125 50
244 1001582 2 20919 24
245 1001790 4 34102 109
246 1001099 1 64698 37
247 1000034 6 6394 96
248 1000350 4 98917 102
249 1001066 3 75352 44
250 1000307 3 71483 0
251 1001809 5 43832 158
252 1001831 5 29647 155
253 1000024 5 54082 181
254 1000145 3 36695 177
255 1001680 1 39374 76
256 1000721 1 94800 7
257 1001714 6 78248 205
258 1000017 4 30600 220
259 1001167 4 38523 2
260 1000359 6 75091 232
261 1001101 1 84921 7
262 1001369 1 11914 65
263 1000805 4 78349 89
264 1001503 2 85316 55
265 1000061 7 5360 201
266 1000830 7 37092 87
267 1001724 4 3448 163
268 1001290 4 67999 102
269 1001890 5 46698 125
270 1001387 1 54421 252
271 1001050 6 6252 102
272 1000692 4 95413 94
273 1001163 2 27835 18
274 1000409 1 38491 165
275 1000675 6 39945 73
276 1000369 5 94447 212
277 1000564 1 50147 56
278 1001549 5 65234 83
279 1001622 4 29095 209
280 1001560 4 16874 226
281 1001809 5 90275 185
282 1001882 1 84323 116
283 1000442 5 52374 248
284 1000459 5 95532 40
285 1001106 1 20092 84
286 1000621 1 41831 58
287 1000268 5 83578 92
288 1001119 4 33609 6
289 1001567 7 48030 70
290 1000091 5 28334 227
291 1001366 5 35397 213
292 1001764 7 7861 127
293 1001206 3 25324 172
294 1001364 1 91014 137
295 1001007 3 38513 29
296 1000542 6 14124 183
297 1000583 2 44636 119
298 1000493 7 26118 96
299 1001402 4 15949 128
300 1001361 2 45396 200
301 1000055 5 87694 22
302 1001094 4 89774 56
303 1000520 7 92957 102
304 1001046 3 96531 43
305 1001840 1 65553 216
306 1001380 5 46259 91
307 1000301 7 15979 147
308 1001498 7 96886 150
309 1000356 4 38597 126
310 1001925 7 70647 123
311 1000159 4 25263 183
312 1000873 3 42954 52
313 1001621 2 60763 179
314 1001037 2 8218 235
315 1000821 7 63193 163
316 1001682 5 40839 247
317 1000288 3 5981 210
318 1001413 7 8695 237
319 1001215 2 8932 57
320 1001779 4 30313 149
321 1001281 1 55750 151
322 1001108 1 74192 25
323 1000827 6 54055 188
324 1000465 7 32165 83
325 1001338 6 14208 59
326 1001096 5 19060 151
327 1000733 4 66947 126
328 1000884 7 19542 95
329 1001990 3 23775 11
330 1000685 2 13482 161
331 1001241 2 13395 53
332 1001507 6 62590 252
333 1000586 3 80773 46
334 1000427 1 83086 206
335 1000530 5 93147 174
336 1000450 5 44602 133
337 1001480 7 97624 33
338 1001645 7 59004 65
339 1000078 6 12695 224
340 1001913 6 36833 171
341 1000520 4 2345 175
342 1001500 3 83641 124
343 1001670 3 95778 185
344 1000734 6 49178 103
345 1000035 4 82376 157
346 1000820 7 79017 11
347 1001116 7 15574 160
348 1000049 4 18793 47
349 1001710 2 6650 149
350 1001973 2 98805 185
351 1000496 5 10861 114
352 1001367 4 41601 146
353 1000042 1 60404 140
354 1001295 4 28025 82
355 1001485 4 1425 80
356 1001772 1 21851 25
357 1000188 3 7118 114
358 1001770 2 65063 130
359 1000639 5 49092 160
360 1001340 7 91575 254
361 1001896 5 66299 25
362 1000499 2 97132 109
363 1001972 2 12874 71
364 1000216 1 78705 46
365 1001208 7 95228 222
366 1000928 6 58971 202
367 1000028 6 80793 163
368 1001440 5 27622 64
369 1001250 3 72604 150
370 1001377 4 77966 25
371 1000938 5 74300 126
372 1001895 4 34592 157
373 1001511 1 41157 130
374 1001972 6 67336 136
375 1000926 4 13534 159
376 1000660 6 9993 223
377 1001773 3 97400 3
378 1001657 1 93710 168
379 1001705 5 13823 100
380 1001169 6 87527 2
381 1001918 1 2370 158
382 1001533 4 14441 10
383 1001023 6 31001 140
384 1001755 5 39503 135
385 1000411 6 52611 228
386 1001858 4 40215 169
387 1000030 7 75528 150
388 1000218 3 90895 46
389 1000314 4 59817 134
390 1001666 3 36484 113
391 1001453 2 72244 232
392 1000955 3 62359 48
393 1000170 6 22607 26
394 1001588 3 47209 170
395 1000737 1 50318 174
396 1000356 3 62407 22
397 1001107 5 39694 163
398 1001893 3 99332 163
399 1000153 7 45750 10
400 1001655 4 81572 88
401 1000735 5 38612 135
402 1001005 1 58393 80
403 1000499 3 30582 58
404 1001790 6 6248 194
405 1000911 7 49658 18
406 1000664 1 88892 6
407 1000940 3 27814 90
408 1000952 1 91168 204
409 1001150 1 34647 53
410 1000280 1 1376 131
411 1000866 5 86585 145
412 1001642 1 43715 246
413 1001196 3 34799 171
414 1000473 1 96965 121
415 1000905 5 92723 9
416 1001389 7 50151 163
417 1000087 5 26602 58
418 1001149 2 3948 160
419 1000306 7 93762 123
420 1001171 4 70868 252
421 1000887 2 58551 134
422 1000352 1 47277 151
423 1001738 7 96487 174
424 1001282 3 30018 200
425 1000011 1 89145 51
426 1000278 5 43268 84
427 1000039 1 69966 83
428 1001937 5 20307 40
429 1000285 2 71796 95
430 1000834 4 2455 189
431 1000590 3 73860 8
432 1000485 5 1311 188
433 1001587 7 48149 175
434 1000176 5 88633 189
435 1000748 1 53666 96
436 1000739 5 33072 76
437 1000435 7 68731 94
438 1001229 2 66268 57
439 1000652 5 76380 49
440 1001262 2 46882 130
441 1000958 3 58544 94
442 1000808 4 47237 49
443 1000649 2 34006 91
444 1000688 4 10605 191
445 1001631 3 35137 180
446 1001677 2 54267 105
447 1000409 2 76308 235
448 1001217 4 86362 125
449 1001567 1 47917 69
450 1000063 4 53631 48
451 1001722 1 50900 148
452 1001279 6 26126 220
453 1000006 7 93132 117
454 1000827 5 63571 252
455 1001228 4 52858 207
456 1000125 3 23076 85
457 1001766 7 41998 62
458 1001032 5 58888 81
459 1001178 7 51113 116
460 1001470 2 33488 9
461 1001953 4 41106 245
462 1001770 3 66588 112
463 1000639 5 3745 251
464 1001424 2 35554 105
465 1000765 1 37606 220
466 1001964 6 29704 3
467 1000451 7 79839 198
468 1000272 7 33227 102
469 1001578 2 51144 245
470 1000739 7 88290 240
471 1001254 6 17701 15
472 1001524 5 51935 216
473 1000706 3 18679 148
474 1001960 4 34115 203
475 1001453 5 31603 236
476 1001654 2 90800 93
477 1001017 7 59769 19
478 1001509 7 97263 209
479 1000414 5 38335 217
480 1000212 3 35428 83
481 1000308 7 27436 157
482 1000267 2 45496 107
483 1001788 5 77723 81
484 1000122 1 16580 129
485 1001177 3 37168 95
486 1000125 3 75091 190
487 1000220 4 34153 171
488 1001461 5 73543 133
489 1001742 1 72707 28
490 1000060 3 95500 217
491 1001243 4 41631 117
492 1000244 4 55294 42
493 1001213 7 32781 176
494 1001818 6 19695 20
495 1000018 2 50656 186
496 1001660 1 48835 171
497 1001057 5 77646 204
498 1001104 6 14565 53
499 1001265 5 25304 108
500
0 1000661 6 72737 206
1 1000295 1 10881 16
2 1001304 3 27239 210
3 1001167 6 84631 59
4 1000842 2 44354 46
5 1000211 6 98949 70
6 1000559 2 86150 87
7 1000441 7 50422 222
8 1000407 7 26646 5
9 1001966 5 36770 214
10 1001463 7 28206 52
11 1001663 7 80738 185
12 1001742 6 43644 128
13 1001043 2 65377 108
14 1001159 1 74210 55
15 1000543 4 83990 51
16 1001601 1 13097 167
17 1000677 1 81464 144
18 1001981 1 31528 155
19 1001615 5 8507 49
20 1000801 4 19554 166
21 1000460 2 31197 70
22 1000081 6 74748 27
23 1000957 4 71711 120
24 1000868 7 32441 111
25 1001276 7 12754 170
26 1000357 6 38714 52
27 1000919 4 26460 243
28 1000536 7 62783 97
29 1001648 4 87698 81
30 1001234 2 74710 206
31 1000718 4 34361 199
32 1000342 2 95028 250
33 1000225 7 30726 176
34 1001397 7 74165 141
35 1000015 3 58467 108
36 1000809 2 37926 161
37 1000050 3 4582 218
38 1001899 6 98546 12
39 1001171 7 81927 11
40 1001534 1 6997 208
41 1001956 5 39422 231
42 1000679 6 3443 195
43 1000217 4 35842 22
44 1001638 3 5827 31
45 1000714 6 88377 60
46 1001270 6 97781 7
47 1001795 6 68913 50
48 1001708 5 98878 17
49 1000434 5 76148 210
50 1001695 3 13201 55
51 1000370 1 20381 122
52 1000473 4 79265 133
53 1000819 2 6698 249
54 1001742 1 29952 66
55 1000806 6 86421 234
56 1000135 2 29922 60
57 1000318 4 88159 251
58 1000860 3 79766 98
59 1001125 1 72408 199
60 1000317 6 64648 71
61 1000098 3 50636 245
62 1001364 4 78171 215
63 1000680 7 83883 118
64 1001725 1 39175 121
65 1000696 7 94768 155
66 1000491 7 67009 222
67 1000557 3 49886 165
68 1001522 3 27222 48
69 1000621 3 25572 52
70 1000496 4 69983 83
71 1000646 2 54836 237
72 1001775 7 32085 140
73 1001070 3 51441 33
74 1001198 4 57672 49
75 1000341 6 15795 136
76 1000542 1 51151 201
77 1000407 1 79152 83
78 1001611 1 54519 217
79 1000682 4 94576 194
80 1000083 3 62057 7
81 1001858 1 4645 77
82 1001968 5 73298 121
83 1000336 7 95034 170
84 1000870 2 66276 149
85 1001912 7 63762 126
86 1001306 1 35311 75
87 1001270 2 32301 68
88 1000027 6 3636 226
89 1000565 3 95462 10
90 1000780 4 80732 85
91 1000078 2 85702 4
92 1001068 4 46440 46
93 1001768 3 3423 236
94 1001475 5 30430 132
95 1000772 1 56742 230
96 1001963 4 21721 110
97 1001292 1 71084 48
98 1001072 2 82412 204
99 1000658 3 30270 30
100 1000652 6 36575 44
101 1001817 6 78770 94
102 1000220 4 3004 244
103 1000725 3 57012 88
104 1000076 6 69058 90
105 1001744 2 56392 101
106 1000615 5 69724 26
107 1000111 2 3115 189
108 1001663 3 59614 144
109 1000571 5 43387 191
110 1000267 1 84308 225
111 1001099 1 96066 49
112 1000314 2 44297 212
113 1000444 5 32917 180
114 1001283 3 33282 5
115 1001064 7 8279 215
116 1001354 1 75461 215
117 1000940 7 9712 51
118 1001478 4 82244 75
119 1000782 6 24198 209
120 1001777 5 4454 176
121 1000871 3 37053 72
122 1000171 6 74271 227
123 1001118 3 78047 96
124 1001147 6 87825 22
125 1001706 2 58261 209
126 1000279 5 70762 17
127 1001473 2 37192 105
128 1000543 1 67300 187
129 1001423 6 37289 196
130 1000269 1 25286 153
131 1001705 2 58744 150
132 1000006 1 56126 223
133 1001127 6 1356 85
134 1001384 1 48107 214
135 1000472 7 35232 205
136 1001024 3 74109 79
137 1001482 1 42936 110
138 1001360 1 51559 192
139 1000570 3 25596 121
140 1001163 5 74416 18
141 1001600 4 32367 105
142 1000575 2 24140 231
143 1000474 1 10274 118
144 1000810 4 55411 14
145 1000298 5 37775 157
146 1001343 1 74366 104
147 1000610 4 50099 57
148 1001255 6 90368 178
149 1000182 6 60006 186
150 1000458 5 76251 22
151 1001627 1 46946 236
152 1001756 2 40667 148
153 1001516 1 386 34
154 1001756 6 79001 222
155 1001784 2 64920 104
156 1001000 7 73135 207
157 1001063 4 21103 79
158 1000008 5 59612 37
159 1001760 4 82056 163
160 1001953 6 23487 41
161 1001160 7 80262 174
162 1000932 5 25282 250
163 1001387 7 55035 26
164 1000322 3 38243 150
165 1001729 6 57106 0
166 1001343 4 9017 241
167 1000596 6 61198 187
168 1001917 4 81176 35
169 1001335 3 27599 214
170 1000948 3 57996 74
171 1001593 6 63138 184
172 1000131 3 84909 107
173 1001202 2 87192 146
174 1001343 1 23228 2
175 1001787 5 76599 233
176 1001651 5 63288 142
177 1000371 1 84130 222
178 1000720 3 57308 24
179 1001436 1 6078 127
180 1000866 7 85450 46
181 1000095 4 61578 107
182 1000239 3 2397 88
183 1000971 5 6183 34
184 1000038 3 19079 224
185 1001560 2 28448 122
186 1001312 2 70720 9
187 1000125 7 58860 250
188 1000679 2 84672 36
189 1000126 7 86377 24
190 1001837 1 83501 116
191 1001955 7 52637 135
192 1001606 1 64798 133
193 1001638 1 72831 76
194 1000163 3 95037 163
195 1001288 5 86011 102
196 1001734 5 88940 108
197 1001149 5 39180 126
198 1000323 2 46362 34
199 1000207 3 54322 216
200 1001041 3 69453 78
201 1000227 3 52201 61
202 1001678 2 6454 209
203 1001926 5 4068 139
204 1001906 6 97874 161
205 1000483 7 2219 28
206 1001919 1 2856 119
207 1001627 7 42932 57
208 1001290 6 85214 46
209 1000583 3 61165 29
210 1001996 7 13977 216
211 1000478 3 35538 56
212 1001829 2 71360 60
213 1000758 3 35033 187
214 1000110 1 53567 149
215 1001928 7 47489 143
216 1001777 1 18065 250
217 1000687 2 26801 38
218 1000868 3 69981 37
219 1000331 2 83537 119
220 1001720 5 11639 146
221 1001958 6 65642 194
222 1000119 6 46833 110
223 1000945 5 74019 103
224 1001971 4 66233 52
225 1001871 4 25776 179
226 1001996 7 79668 160
227 1000699 6 91372 12
228 1001665 4 98589 54
229 1000646 4 55330 191
230 1000489 2 48936 192
231 1001953 4 92694 144
232 1001455 7 91005 96
233 1001622 2 8961 192
234 1001717 2 24014 98
235 1000099 3 49508 32
236 1001855 7 13597 23
237 1000747 2 21515 183
238 1000945 4 44514 153
239 1001913 7 37900 164
240 1000875 6 22405 231
241 1001387 2 86899 237
242 1000285 4 70844 180
243 1000649 1 3936 74
244 1001425 3 42660 104
245 1000250 6 37949 185
246 1001259 1 12299 224
247 1001787 6 72164 117
248 1000033 4 62389 33
249 1000486 1 26840 106
250 1001874 6 78425 101
251 1000729 3 959 152
252 1001422 3 88908 4
253 1000694 5 7783 176
254 1000337 4 10262 221
255 1001884 5 90856 74
256 1001351 4 62362 160
257 1000027 3 3038 42
258 1000953 4 92715 3
259 1001947 2 68998 29
260 1001380 1 49647 50
261 1000839 2 62474 155
262 1001172 4 733 16
263 1001173 2 21773 90
264 1000946 2 59327 97
265 1000022 5 5940 240
266 1001803 4 50912 137
267 1001717 6 98506 232
268 1000692 5 79923 50
269 1001556 2 75420 20
270 1000916 4 62872 136
271 1000869 2 6120 16
272 1001500 6 42910 195
273 1000995 2 79449 11
274 1001095 6 26174 171
275 1001798 2 90692 79
276 1001608 3 69933 93
277 1000894 7 81568 54
278 1001434 3 50274 111
279 1000128 5 48448 203
280 1000305 7 88615 210
281 1001655 5 64204 53
282 1000541 4 46844 187
283 1001839 7 52314 182
284 1001675 7 53935 133
285 1000014 2 59977 187
286 1000439 1 41516 6
287 1000768 7 54854 104
288 1001201 4 32552 214
289 1000651 1 2209 106
290 1001300 3 9780 109
291 1000618 1 26874 81
292 1000482 5 91210 222
293 1001305 3 38417 80
294 1000492 6 68257 252
295 1000014 7 17222 248
296 1001313 5 8701 1
297 1000630 7 58102 137
298 1000404 5 71194 71
299 1001286 7 89973 174
300 1000624 2 24245 165
301 1000826 6 38778 179
302 1000923 4 54347 90
303 1001217 4 27435 135
304 1001565 4 85502 223
305 1001004 1 44924 251
306 1000702 6 6420 165
307 1001012 3 83997 224
308 1001849 1 12255 145
309 1001330 3 81739 223
310 1001729 3 85847 233
311 1000228 3 88969 228
312 1001993 6 54055 16
313 1000815 5 46062 3
314 1000725 7 3012 240
315 1001935 5 80307 217
316 1000451 6 94075 30
317 1001984 3 67485 99
318 1001239 5 28503 58
319 1001035 4 15466 27
320 1000537 3 44534 26
321 1000924 6 95589 76
322 1001041 5 2380 208
323 1000512 4 35702 114
324 1000601 2 32318 102
325 1001928 4 96914 124
326 1000499 7 35489 176
327 1000385 5 93952 166
328 1000305 1 50389 99
329 1001559 2 80446 106
330 1001709 4 21396 248
331 1001412 3 80633 40
332 1001857 6 12515 157
333 1000447 1 7148 178
334 1000178 4 38043 159
335 1001008 4 36097 113
336 1001385 5 48711 55
337 1001855 6 42532 201
338 1000756 1 70135 74
339 1001271 4 79940 196
340 1001078 3 34957 76
341 1001395 2 9975 78
342 1000191 3 5863 112
343 1001341 5 46653 199
344 1001145 3 97108 54
345 1001431 6 65947 240
346 1000051 7 26554 210
347 1000042 4 87180 217
348 1001206 5 73256 124
349 1000215 1 44171 212
350 1001089 3 85011 109
351 1001010 4 22623 146
352 1001066 5 61466 186
353 1000200 7 94752 0
354 1000697 7 45532 235
355 1000309 5 35894 26
356 1000128 4 23713 252
357 1001341 3 83455 77
358 1000327 5 9227 123
359 1001902 5 89931 82
360 1000942 1 15864 180
361 1001539 3 56039 179
362 1000464 1 53872 248
363 1001472 5 75810 45
364 1001981 5 78861 239
365 1001972 3 3969 174
366 1001102 4 15529 153
367 1001775 1 80454 190
368 1000085 7 76792 92
369 1001620 3 86882 93
370 1000696 7 62593 114
371 1000776 7 44268 6
372 1000763 3 74361 228
373 1000418 4 54577 161
374 1000881 4 62652 97
375 1000326 4 6670 98
376 1000087 4 169 81
377 1000213 2 68072 108
378 1001394 6 14694 62
379 1001736 4 24775 10
380 1000330 4 21048 60
381 1000862 7 43962 115
382 1001383 4 7819 56
383 1000224 2 68831 53
384 1000213 5 94206 43
385 1001267 1 1238 92
386 1000521 4 76102 74
387 1000633 6 38486 114
388 1000659 3 99918 66
389 1001918 6 83557 253
390 1000340 3 87442 102
391 1000488 2 97648 201
392 1000971 4 7924 93
393 1001247 7 2515 144
394 1000201 7 6238 219
395 1000069 2 27699 156
396 1000156 6 25336 10
397 1001181 4 49627 223
398 1001363 4 27137 140
399 1001411 6 9803 180
400 1001006 4 43429 8
401 1001346 1 15088 240
402 1000900 2 90861 229
403 1001031 1 33028 125
404 1000084 2 98495 161
405 1001616 6 66378 141
406 1001541 1 51247 187
407 1001418 2 31932 96
408 1000646 1 81877 53
409 1000100 1 28713 181
410 1001224 6 13920 200
411 1000559 6 26160 95
412 1000897 4 60099 112
413 1001793 5 12281 93
414 1001417 1 44727 94
415 1000149 6 34011 221
416 1001854 3 27111 68
417 1001927 1 89881 124
418 1001889 6 27604 158
419 1000517 7 6328 54
420 1001670 2 71319 255
421 1001809 7 34487 68
422 1000171 1 99505 102
423 1001675 5 66202 127
424 1000454 2 59336 101
425 1001017 7 81715 253
426 1000210 7 47513 217
427 1001115 2 180 209
428 1001320 7 74849 65
429 1001870 5 92966 67
430 1001426 4 48300 101
431 1001775 6 26764 183
432 1000463 5 65495 25
433 1001587 4 79261 237
434 1000086 5 42102 103
435 1000645 7 21386 14
436 1000666 7 64310 37
437 1001140 7 79960 206
438 1001934 7 40284 91
439 1000461 6 2195 243
440 1000236 6 93378 105
441 1000913 3 77318 155
442 1001927 3 940 179
443 1000553 6 11965 7
444 1001216 1 61378 24
445 1000305 1 7171 131
446 1000636 6 9693 32
447 1001682 1 29354 17
448 1001611 7 82417 160
449 1000683 5 79740 237
450 1000048 5 88310 249
451 1001491 7 52974 148
452 1001751 5 3400 122
453 1000728 3 42118 87
454 1000859 2 51777 26
455 1001650 1 35134 109
456 1001730 3 19884 6
457 1001478 4 33779 126
458 1000039 1 80261 91
459 1001535 4 78017 76
460 1001707 2 80359 168
461 1000608 6 51292 39
462 1001050 4 28848 137
463 1000540 1 47950 152
464 1001832 7 74098 130
465 1000477 6 40247 170
466 1001074 7 38314 140
467 1001801 4 63598 57
468 1001433 1 54657 100
469 1001999 6 23032 106
470 1000561 7 48695 226
471 1001323 4 92030 209
472 1000430 7 71033 227
473 1001739 3 12403 111
474 1001257 4 40616 53
475 1001704 1 4137 36
476 1001391 6 91663 119
477 1001912 5 55406 164
478 1001029 1 11936 247
479 1000605 6 64946 239
480 1001804 1 40571 242
481 1000759 5 62130 65
482 1001361 5 29689 25
483 1000920 5 31512 127
484 1001974 5 29717 17
485 1000580 1 50605 172
486 1001978 4 45292 72
487 1001211 4 59895 65
488 1000849 2 30283 19
489 1000765 4 86215 232
490 1000232 6 43166 132
491 1001223 2 95947 152
492 1000074 2 68666 149
493 1000535 2 10629 234
494 1000232 5 63840 164
495 1001783 2 40087 53
496 1000006 2 28952 185
497 1001102 7 23479 190
498 1001648 3 30312 158
499 1000397 7 83944 28
500
0 1001380 4 33636 148
1 1000793 3 11043 29
2 1000000 5 17362 116
3 1001820 5 105 65
4 1001204 7 81872 147
5 1001887 6 22598 82
6 1001196 4 4920 254
7 1001220 3 72697 122
8 1001389 6 89243 183
9 1000245 7 27542 112
10 1000314 2 36659 244
11 1000626 4 38670 98
12 1000702 2 17698 236
13 1000979 7 21411 113
14 1001562 4 51010 141
15 1000446 3 85025 157
16 1000946 6 17354 221
17 1000771 4 53598 108
18 1001829 5 6674 130
19 1001165 5 97566 25
20 1001347 4 75576 24
21 1000844 5 78301 89
22 1000056 1 78245 129
23 1001828 2 9025 16
24 1000558 3 2929 153
25 1001735 4 13450 194
26 1000833 6 43348 105
27 1001420 7 32602 84
28 1001779 5 58120 196
29 1000643 7 59232 75
30 1001664 5 12784 144
31 1000926 5 15200 69
32 1001611 3 70088 127
33 1001337 5 44690 210
34 1001907 5 43959 34
35 1001793 3 64585 7
36 1000229 2 17873 131
37 1000566 2 31376 82
38 1000715 3 89564 113
39 1001766 7 30783 23
40 1001730 5 87552 99
41 1001114 4 48880 89
42 1000808 4 64958 104
43 1001682 4 71608 196
44 1001439 3 29765 61
45 1001056 6 60648 212
46 1001272 7 95997 139
47 1000647 1 12791 77
48 1001318 7 29691 253
49 1001092 2 7702 235
50 1000380 5 97894 246
51 1000265 1 31200 95
52 1000403 5 4144 174
53 1000715 7 63057 158
54 1001963 7 43151 171
55 1000661 1 39655 207
56 1001817 1 90418 250
57 1001880 5 83878 162
58 1001206 3 56527 48
59 1001529 1 89947 8
60 1000314 5 74101 187
61 1001644 2 3205 40
62 1001146 1 86290 157
63 1000872 4 38137 164
64 1000977 1 30901 139
65 1001432 3 54229 167
66 1000115 1 10205 20
67 1000641 7 74679 68
68 1001527 1 39612 135
69 1001808 7 78750 114
70 1001341 5 42241 109
71 1001686 2 18171 229
72 1001805 4 93130 79
73 1000165 3 97677 192
74 1001728 3 89005 168
75 1000600 6 56943 169
76 1001814 7 84869 99
77 1001288 7 2281 216
78 1000296 3 9632 67
79 1000473 5 16873 247
80 1000636 5 6066 227
81 1001971 6 57835 75
82 1001331 5 50848 43
83 1001247 7 79604 121
84 1001679 4 83356 213
85 1001120 3 72949 114
86 1000090 7 2745 140
87 1001253 4 90673 73
88 1000448 2 84126 212
89 1001768 5 65928 89
90 1001951 2 87387 25
91 1001516 2 12765 2
92 1000488 5 15099 32
93 1001329 1 25168 126
94 1000315 2 44069 208
95 1001080 4 10746 189
96 1001206 1 41264 198
97 1000251 5 42720 26
98 1000153 1 38538 152
99 1001455 1 22251 55
100 1000764 3 37296 87
101 1000929 6 55837 97
102 1001331 6 31965 47
103 1000251 4 20845 254
104 1001208 5 59478 91
105 1001562 1 93678 48
106 1000035 4 20150 105
107 1001803 3 74805 26
108 1000175 5 68480 130
109 1001646 2 34061 169
110 1000871 1 96695 200
111 1001422 1 96047 145
112 1001131 6 39266 212
113 1001245 3 64856 157
114 1001997 1 2244 252
115 1001473 2 16028 16
116 1000430 3 29757 61
117 1001286 5 29254 97
118 1001032 3 56778 150
119 1001645 7 60608 244
120 1001268 6 75027 214
121 1000437 2 88856 2
122 1001445 2 47991 85
123 1000629 7 28490 17
124 1001141 4 53570 173
125 1000436 2 38434 44
126 1000265 1 43373 25
127 1000265 6 8750 56
128 1000227 6 6147 60
129 1000300 4 80499 156
130 1000062 4 13427 97
131 1001243 6 79779 6
132 1001651 2 21607 4
133 1001172 4 34636 148
134 1001803 5 79006 92
135 1001866 7 66917 201
136 1001849 3 13794 85
137 1000244 5 18997 242
138 1000319 1 78921 17
139 1000608 2 15560 133
140 1000528 4 63616 113
141 1000552 6 79295 223
142 1001843 4 39652 227
143 1000448 5 71207 214
144 1000216 4 51390 102
145 1000249 6 47700 124
146 1001803 6 96318 10
147 1001024 6 8964 10
148 1001468 4 46786 102
149 1001471 2 43180 223
150 1000223 1 94970 251
151 1000886 7 40130 139
152 1000797 5 36489 196
153 1001186 2 82353 64
154 1000034 1 22669 21
155 1000650 7 79652 186
156 1001085 4 57152 103
157 1000821 1 46802 196
158 1001346 6 60047 206
159 1001167 3 78824 56
160 1001302 2 37565 87
161 1001302 6 72438 207
162 1000527 2 85781 41
163 1001824 3 57035 155
164 1001536 4 80904 1
165 1001019 2 68609 145
166 1001621 2 1740 157
167 1000199 4 97219 185
168 1001499 4 47952 195
169 1001725 2 40969 4
170 1000120 1 81653 213
171 1000225 4 44056 112
172 1000696 3 92886 178
173 1000756 2 40963 173
174 1000172 3 44897 140
175 1001304 3 19906 211
176 1001197 4 28933 53
177 1000470 3 58705 66
178 1001633 3 18145 141
179 1000096 1 31326 185
180 1000682 6 82042 59
181 1001943 6 59150 30
182 1000560 2 63860 110
183 1000466 3 12013 54
184 1000537 4 61370 156
185 1000861 7 98238 186
186 1001926 5 71202 94
187 1000186 7 15389 64
188 1000826 3 11257 148
189 1001755 5 21820 242
190 1000849 2 49008 140
191 1001880 3 98782 168
192 1000357 3 28473 50
193 1000596 7 50674 204
194 1000693 4 95749 48
195 1001373 1 73225 124
196 1000338 4 24826 184
197 1001549 3 4714 69
198 1001617 1 91140 188
199 1000909 3 86677 159
200 1001437 6 43127 91
201 1001345 1 75873 151
202 1000334 1 57709 227
203 1001819 7 15772 223
204 1001373 6 84050 242
205 1001571 1 4624 238
206 1001377 6 57258 115
207 1000564 2 77563 244
208 1000914 1 84978 180
209 1001429 4 70811 158
210 1001016 4 59126 160
211 1001162 3 10882 58
212 1000217 1 32280 217
213 1000903 1 77417 238
214 1001716 6 2969 91
215 1000290 7 86106 210
216 1001727 5 89527 169
217 1000341 6 43980 80
218 1000498 4 51387 86
219 1000198 3 20886 233
220 1000198 6 19963 170
221 1001590 1 90558 58
222 1000612 3 35967 89
223 1001198 6 27179 201
224 1000967 6 73004 10
225 1000551 6 52430 57
226 1000608 3 70741 195
227 1000591 3 10445 229
228 1001427 2 37928 242
229 1000042 2 2365 56
230 1000045 3 55535 73
231 1000611 1 13496 50
232 1001740 3 61424 157
233 1001505 2 56163 130
234 1001570 3 34005 214
235 1000863 5 67741 159
236 1001182 7 63240 223
237 1000487 6 82393 91
238 1001365 4 37581 68
239 1000199 5 23860 66
240 1000514 7 36889 141
241 1000217 3 14616 2
242 1000403 1 75599 162
243 1001085 1 34927 248
244 1000875 1 22340 131
245 1001401 6 25559 118
246 1001224 3 23584 19
247 1001877 1 151 100
248 1001792 1 95003 25
249 1001811 4 12000 156
250 1000402 5 46690 218
251 1000327 7 31530 85
252 1000929 4 26402 27
253 1001085 7 80988 218
254 1001164 6 64596 76
255 1000833 5 67533 39
256 1000352 5 22192 161
257 1001930 5 21007 210
258 1001834 7 47271 216
259 1001358 4 38052 105
260 1000829 4 76689 213
261 1001025 6 29434 235
262 1000175 1 89784 243
263 1001078 1 42558 172
264 1001591 7 42505 247
265 1001298 6 75281 144
266 1001560 5 69490 36
267 1000125 7 8826 151
268 1001694 2 35807 124
269 1001364 1 12418 97
270 1000069 3 57242 131
271 1000172 5 79726 16
272 1000038 6 17002 119
273 1000172 4 17180 179
274 1000156 2 30015 242
275 1001597 5 11909 114
276 1001758 5 60676 80
277 1000937 5 49099 127
278 1000285 1 40054 248
279 1001814 5 87274 30
280 1001843 4 28483 221
281 1001689 4 77019 64
282 1001604 7 50599 20
283 1001147 7 422 126
284 1001095 5 47959 15
285 1001591 2 11693 54
286 1000451 6 92316 84
287 1000795 3 27086 36
288 1000837 2 93376 73
289 1001460 2 61694 210
290 1000612 3 20650 141
291 1000608 6 52037 191
292 1000488 7 31909 101
293 1000846 6 82186 70
294 1000829 3 98543 105
295 1000345 7 5463 162
296 1001361 3 87492 17
297 1000594 2 63864 69
298 1001323 1 92500 84
299 1001150 7 27397 189
300 1000943 4 29880 65
301 1001567 2 88440 246
302 1001074 5 18866 10
303 1001225 1 52740 67
304 1000127 7 26537 195
305 1000432 4 497 206
306 1001078 5 16267 133
307 1000948 1 41261 247
308 1001749 1 63554 70
309 1001790 6 17804 180
310 1000934 3 86370 31
311 1000171 2 77089 0
312 1000169 4 35595 106
313 1000236 3 30721 171
314 1001639 4 72762 200
315 1001121 2 30241 200
316 1001690 1 63513 248
317 1001709 1 57460 100
318 1000003 2 29713 158
319 1001247 5 21870 46
320 1000992 7 78394 201
321 1000800 2 3744 31
322 1000159 7 12949 253
323 1001223 1 9454 104
324 1000803 3 35955 28
325 1001536 5 82999 243
326 1001070 5 97301 167
327 1001321 1 86407 174
328 1001578 3 2572 138
329 1000122 6 4416 206
330 1000714 1 61885 179
331 1001856 2 32013 94
332 1001041 7 78129 84
333 1001672 3 90103 224
334 1001702 4 18020 110
335 1000553 7 24487 63
336 1001352 2 18295 42
337 1000552 4 61657 176
338 1001331 1 18861 100
339 1000718 6 32333 22
340 1001874 1 33757 95
341 1001874 5 4843 224
342 1000532 3 76150 54
343 1001284 6 49233 138
344 1000661 4 44695 192
345 1000721 7 41591 98
346 1001077 3 86780 250
347 1001736 6 25785 24
348 1000090 3 46750 80
349 1001276 6 76298 242
350 1001807 3 50228 125
351 1001730 1 19674 139
352 1000354 7 53195 155
353 1001255 6 34591 9
354 1001487 3 14304 187
355 1001401 3 67988 167
356 1001441 5 29219 121
357 1000519 1 67210 85
358 1000644 6 68271 106
359 1001274 3 45079 125
360 1001994 7 51320 176
361 1001754 5 49645 164
362 1000676 6 57105 207
363 1000599 7 30599 54
364 1001986 3 11201 174
365 1001713 4 19359 249
366 1001117 7 10916 131
367 1000435 2 15508 137
368 1000666 5 2087 174
369 1001039 1 20132 184
370 1000985 1 78352 124
371 1000793 6 30260 135
372 1000104 1 78857 176
373 1001103 5 89172 137
374 1001775 3 4043 0
375 1001953 5 50842 123
376 1000943 6 87932 247
377 1000597 2 50556 13
378 1000445 2 55403 33
379 1001643 1 88735 159
380 1000147 3 92430 67
381 1000879 1 14773 108
382 1000209 2 25319 102
383 1001940 5 48276 40
384 1001076 2 86166 140
385 1001589 6 25630 98
386 1000562 7 10350 108
387 1001845 7 80886 245
388 1000487 1 77382 177
389 1001687 7 185 156
390 1001359 2 27612 9
391 1001093 6 91755 239
392 1001598 6 92552 176
393 1001248 7 29693 205
394 1001521 2 78062 187
395 1001557 7 66594 82
396 1001014 1 27268 255
397 1000742 4 98225 213
398 1000521 2 96814 1
399 1001910 7 85104 250
400 1000540 1 9347 16
401 1001626 3 73383 247
402 1001741 4 74914 249
403 1001597 1 26418 25
404 1000757 4 34055 176
405 1001080 5 44465 71
406 1000673 2 15900 182
407 1000187 3 46014 204
408 1000213 7 41118 72
409 1001720 4 66251 144
410 1001907 3 46878 83
411 1001155 1 14541 99
412 1000969 1 41205 113
413 1000521 7 58062 86
414 1000876 6 26679 232
415 1000383 4 91918 66
416 1000969 4 73146 184
417 1001401 5 88721 16
418 1000430 2 8581 160
419 1000775 4 52046 206
420 1000073 5 41658 73
421 1000327 3 83629 83
422 1001193 2 60501 51
423 1001216 6 46043 114
424 1001101 6 79915 206
425 1000656 2 76039 227
426 1001078 1 52151 192
427 1000598 3 57924 163
428 1000790 4 13934 64
429 1001018 4 57900 90
430 1001561 2 97155 88
431 1001442 1 82662 178
432 1000262 7 75369 93
433 1001197 6 72997 226
434 1000454 2 72971 208
435 1000962 6 23576 22
436 1001272 5 34947 149
437 1001024 1 2791 251
438 1000566 4 5182 128
439 1000978 1 71617 242
440 1001547 4 75988 172
441 1001341 6 62384 216
442 1001965 5 36120 19
443 1001792 1 11489 116
444 1000385 2 35901 161
445 1001343 5 22923 207
446 1000467 2 67290 45
447 1000046 7 47992 6
448 1000368 3 52714 243
449 1000123 2 87831 186
450 1001652 7 78107 63
451 1000626 2 50208 215
452 1001356 7 63885 240
453 1000663 6 74420 86
454 1000511 3 41727 87
455 1001179 4 97314 195
456 1000683 7 42820 208
457 1000292 4 10433 155
458 1000784 2 3293 224
459 1000453 3 1400 4
460 1001659 3 80770 0
461 1001749 1 78641 123
462 1001054 3 47441 179
463 1001610 1 67558 143
464 1000044 2 7775 35
465 1001953 7 72204 170
466 1001794 1 77352 137
467 1001958 2 45166 125
468 1001216 1 57342 174
469 1000876 6 52101 196
470 1000947 6 15305 2
471 1000904 3 88976 58
472 1000735 1 64270 171
473 1001822 5 51760 193
474 1000207 5 81842 0
475 1000367 4 84161 207
476 1000706 1 7539 81
477 1000725 2 59933 148
478 1001974 5 63310 160
479 1001591 3 85549 51
480 1000744 2 64761 18
481 1001436 4 56580 137
482 1000756 2 928 190
483 1000505 5 69308 59
484 1000421 7 50215 157
485 1000348 1 54951 190
486 1001262 4 23333 208
487 1000606 2 73495 137
488 1000705 6 79589 160
489 1000769 5 78781 214
490 1001473 7 14809 193
491 1001915 2 4716 106
492 1001004 6 96568 172
493 1001039 2 72976 127
494 1001997 4 98794 244
495 1001962 2 99856 56
496 1000273 2 96131 138
497 1001582 7 41554 65
498 1001594 7 5494 192
499 1000339 4 60893 20
