9 1 2 3 7 6 11 12 13 14
14 1 3 8 9 3 8 9 3 9 6 11 12 13 14
18 1 2 3 7 6 9 3 8 7 6 16 18 19 20 3 4 6 10
13 1 3 7 6 9 3 8 9 3 7 6 16 17
25 1 2 3 8 7 6 15 20 3 8 7 6 15 20 3 8 7 6 15 20 3 7 6 16 17
19 1 3 4 5 6 16 18 19 20 3 8 9 6 9 6 11 12 13 14
7 1 2 3 4 5 6 10
128 20 23 26 29 32 35 38 41 44 47 50 53 56 59 62 65 68 71 74 77 80 83 86 89 92 95 98 101 104 107 110 113 116 119 122 125 128 131 134 137 140 143 146 149 152 155 158 161 164 167 170 173 176 179 182 185 188 191 194 197 200 203 206 209 212 215 218 221 224 227 230 233 236 239 242 245 248 251 254 257 260 263 266 269 272 275 278 281 284 287 290 293 296 299 302 305 308 311 314 317 320 323 326 329 332 335 338 341 344 347 350 353 356 359 362 365 368 371 374 377 380 383 386 389 392 395 398 401
64 30 36 42 48 55 61 67 74 80 86 93 99 105 112 118 124 131 137 143 150 156 162 169 175 181 188 194 200 207 213 219 226 235 244 253 263 272 281 290 300 309 318 328 337 346 355 365 374 383 393 401 410 419 428 437 446 455 463 472 481 490 499 508 517
128 17 27 37 48 58 69 79 90 100 111 121 132 143 153 164 174 185 196 206 217 228 238 249 259 270 281 291 302 313 323 334 345 357 370 383 395 408 421 433 446 459 471 484 497 509 522 535 548 561 575 589 602 616 630 643 657 671 684 698 712 725 739 753 767 780 794 808 822 836 850 864 878 891 905 919 933 947 961 975 988 1002 1016 1030 1044 1058 1072 1086 1099 1113 1127 1141 1155 1169 1183 1197 1210 1224 1238 1252 1266 1280 1294 1308 1322 1336 1349 1363 1377 1391 1405 1419 1433 1447 1461 1475 1488 1502 1516 1530 1544 1558 1572 1586 1600 1614 1627 1641 1655
128 5 6 7 8 10 11 12 14 15 16 17 18 19 20 21 22 23 24 26 27 28 29 30 32 33 34 35 36 38 39 40 41 43 45 47 49 51 52 54 56 58 60 62 64 66 68 70 71 73 75 77 78 80 82 83 85 87 88 90 92 94 95 97 99 100 102 104 106 108 109 111 113 115 116 118 120 122 124 125 127 129 131 133 134 136 138 140 142 143 145 147 149 151 152 154 156 158 160 163 165 167 169 171 174 176 178 180 182 185 187 189 191 194 196 198 200 202 205 207 209 211 214 216 218 220 222 225 227
96 13 20 27 34 41 48 55 62 67 76 83 90 98 104 111 118 125 132 139 146 153 160 167 174 181 188 195 202 209 216 223 230 233 244 251 258 265 272 279 286 293 300 307 314 321 328 335 342 349 356 363 370 377 384 391 398 405 412 419 426 430 440 447 454 461 468 475 482 489 496 503 510 517 524 531 538 545 552 559 566 573 580 587 594 601 608 615 622 629 636 643 650 657 664 671 678
128 15 21 27 33 40 46 52 59 65 72 78 85 91 98 104 111 119 126 134 142 150 157 165 173 180 188 196 204 211 219 227 235 244 253 262 271 280 289 298 307 316 325 334 344 353 362 371 380 392 403 415 427 439 450 462 474 486 497 509 521 533 544 556 568 577 587 596 606 615 625 634 644 653 663 672 682 691 701 710 720 729 739 748 758 767 777 786 796 805 815 824 834 843 853 862 872 884 897 910 923 936 948 961 974 987 1000 1012 1025 1038 1051 1064 1076 1089 1102 1115 1128 1141 1153 1166 1179 1192 1205 1217 1230 1243 1256 1269 1281
128 25 38 52 65 79 92 106 119 132 146 159 172 185 199 212 225 240 255 270 284 299 314 329 344 358 373 388 403 418 432 446 459 472 486 499 512 526 539 552 566 579 592 606 619 632 646 659 674 690 705 720 735 751 766 781 796 812 827 842 858 873 888 903 917 932 946 961 975 990 1004 1019 1033 1048 1062 1077 1091 1106 1121 1135 1150 1164 1179 1193 1208 1222 1237 1251 1266 1280 1295 1309 1324 1338 1353 1367 1382 1398 1414 1430 1446 1462 1478 1494 1510 1526 1542 1558 1574 1590 1606 1621 1637 1653 1669 1685 1701 1717 1733 1749 1765 1781 1797 1813 1829 1845 1861 1877 1893
64 5 9 13 17 21 24 28 31 35 38 41 45 48 51 54 57 60 63 66 69 72 75 77 80 83 86 88 91 94 96 99 102 104 107 109 112 115 117 120 122 125 128 130 133 135 138 141 144 146 149 152 155 157 160 163 166 169 172 175 179 182 185 188 192
128 27 37 48 58 69 80 90 101 109 117 125 133 141 149 157 165 173 181 189 197 206 214 222 230 238 246 254 262 271 279 287 295 315 336 356 376 396 417 437 457 478 498 518 538 559 579 599 620 609 599 589 579 568 558 548 537 527 517 507 496 486 476 466 455 470 484 499 513 528 542 557 571 586 600 615 629 644 658 673 687 702 716 731 745 760 774 788 803 817 832 846 861 875 890 904 919 930 942 954 965 977 989 1000 1012 1024 1035 1047 1059 1070 1082 1094 1105 1117 1129 1140 1152 1163 1175 1187 1198 1210 1222 1233 1245 1257 1268 1280 1292
115 3 3 3 3 3 3 3 3 3 3 3 3 3 3 3 4 4 4 4 4 4 4 4 4 4 4 4 4 4 4 4 4 4 4 4 4 4 4 4 4 4 5 5 5 5 5 5 5 5 5 5 5 5 5 5 5 5 5 5 5 5 5 6 6 6 6 6 6 6 6 6 6 6 6 6 7 7 7 7 7 7 7 7 7 7 7 7 7 7 7 7 7 7 7 7 7 8 8 8 8 8 8 8 8 8 8 8 8 8 8 8 8 8 8 8
49 7 12 18 24 30 36 42 48 54 60 66 72 78 84 90 96 102 108 114 120 126 132 138 144 150 156 162 168 174 180 186 192 196 201 206 211 216 221 226 231 235 240 245 250 255 260 265 270 275
64 5 11 17 22 27 32 37 42 47 52 56 60 64 69 73 77 80 84 88 92 95 99 102 105 109 112 116 119 122 126 129 132 135 139 142 146 149 152 156 160 163 167 171 174 178 182 187 191 195 200 204 209 214 219 224 229 234 240 246 252 258 264 270 277
50 4 6 8 11 13 15 18 20 22 25 26 27 28 29 30 31 32 33 34 35 35 36 37 38 39 40 41 42 43 44 44 45 46 47 48 48 49 50 51 52 52 53 54 55 56 56 57 58 59 60
128 6 13 20 27 33 40 46 53 59 65 71 77 83 89 95 100 106 112 117 122 128 133 138 144 149 154 159 164 169 174 179 184 188 193 198 203 207 212 216 221 225 230 234 239 243 248 252 257 261 266 270 274 279 283 287 292 296 301 305 309 314 318 323 327 332 336 341 345 350 354 359 364 368 373 378 382 387 392 397 402 407 412 417 422 428 433 438 444 449 455 460 466 471 477 483 489 495 501 507 514 520 526 533 539 546 553 560 567 574 581 588 595 603 610 618 626 634 642 650 658 666 675 683 692 701 710 719 728
16 10 18 26 34 43 49 56 63 70 76 80 86 93 100 110 113
51 7 15 23 31 38 46 53 60 68 75 82 89 96 102 109 116 122 129 135 142 148 155 161 167 173 179 185 192 198 204 209 215 221 227 233 239 245 250 256 262 268 273 279 285 291 296 302 308 314 320 325
8 10 12 15 18 21 24 27 30
128 13 20 27 34 41 48 55 62 67 73 78 83 88 93 98 104 110 116 122 128 134 141 147 153 159 165 171 177 184 190 196 202 208 214 223 232 241 249 258 267 276 285 293 302 311 320 329 337 346 354 363 371 380 388 396 405 413 422 430 438 447 455 464 472 482 491 501 510 520 529 539 548 558 568 577 587 596 606 615 625 635 644 654 663 673 682 692 702 711 721 730 740 749 759 769 778 789 799 810 821 831 842 853 863 874 885 895 906 917 927 938 949 959 970 981 991 1002 1013 1023 1034 1045 1055 1066 1076 1087 1098 1108 1119
81 4 9 14 19 24 29 33 38 43 47 52 56 61 65 70 74 78 83 87 91 95 99 104 108 112 116 120 124 128 132 135 139 143 147 151 154 158 162 165 169 173 176 180 183 187 191 194 198 201 205 208 211 215 218 222 225 228 232 235 238 242 245 248 252 255 258 261 265 268 271 274 278 281 284 287 291 294 297 300 304 307
128 10 15 21 27 32 38 44 50 55 61 67 72 78 84 89 95 101 106 112 117 123 128 134 139 145 150 156 161 167 172 178 183 190 196 202 209 215 221 227 234 240 246 253 259 265 271 278 284 291 297 304 311 317 324 331 337 344 351 357 364 371 377 384 390 397 403 409 416 422 428 435 441 447 454 460 466 473 479 485 492 498 504 511 517 523 530 536 542 548 555 561 567 574 580 586 593 599 606 613 619 626 633 640 646 653 660 666 673 680 686 693 700 706 713 720 726 733 740 747 753 760 767 773 780 787 793 800 807
3 5 8 11 14 17 29 73
1 13 20
200
0 1000776 4 5307 132
1 1000988 5 63692 207
2 1000940 7 39756 244
3 1000366 5 28632 71
4 1000288 2 99065 48
5 1000633 7 32835 75
6 1000317 1 95661 37
7 1000920 7 89652 169
8 1000483 5 13200 181
9 1000444 3 80071 104
10 1000989 5 62523 226
11 1000886 5 34144 31
12 1000824 5 1841 47
13 1000736 7 52275 0
14 1000626 4 43665 124
15 1000747 3 92228 32
16 1000195 5 29060 122
17 1000822 2 71171 229
18 1000093 1 41951 250
19 1000111 3 72256 149
20 1000723 1 71755 170
21 1000834 5 26635 147
22 1000455 1 78157 197
23 1000324 5 31734 148
24 1000188 2 24476 16
25 1000627 6 34087 243
26 1000070 1 88962 66
27 1000897 2 5065 41
28 1000919 6 70858 200
29 1000857 6 68757 141
30 1000534 7 30868 110
31 1000916 6 77307 214
32 1000593 3 59057 252
33 1000676 6 91780 182
34 1000084 3 80319 59
35 1000498 5 82595 171
36 1000865 2 31856 8
37 1000749 3 15354 112
38 1000380 7 22346 170
39 1000436 7 8152 51
40 1000801 2 91446 112
41 1000046 7 75218 37
42 1000027 1 83231 96
43 1000620 7 75492 61
44 1000400 1 48515 59
45 1000037 5 2836 99
46 1000984 2 94125 63
47 1000490 2 95310 31
48 1000959 6 2987 217
49 1000635 1 34069 35
50 1000226 1 84794 154
51 1000358 4 23635 31
52 1000515 4 5162 51
53 1000716 4 26130 133
54 1000367 6 61633 86
55 1000714 6 26662 29
56 1000807 6 20737 82
57 1000350 5 32859 60
58 1000611 4 87243 89
59 1000013 4 89297 209
60 1000921 5 66664 159
61 1000664 3 50941 128
62 1000157 5 90548 6
63 1000468 6 10365 171
64 1000756 1 71346 143
65 1000138 2 99899 246
66 1000360 5 37733 183
67 1000604 6 81406 67
68 1000732 3 50859 212
69 1000848 6 10581 0
70 1000608 2 91565 171
71 1000163 2 29242 229
72 1000387 6 88314 212
73 1000032 4 91991 214
74 1000790 6 92931 23
75 1000169 4 8374 132
76 1000718 2 58506 249
77 1000929 5 79165 0
78 1000905 1 64826 166
79 1000319 7 61197 25
80 1000828 7 54413 96
81 1000561 6 10941 66
82 1000015 4 88935 213
83 1000323 1 27988 7
84 1000734 7 310 50
85 1000195 1 79739 101
86 1000894 3 36698 93
87 1000102 4 51996 41
88 1000022 3 59373 59
89 1000882 3 17488 177
90 1000117 7 20243 142
91 1000871 1 5545 20
92 1000210 6 34036 161
93 1000969 3 74380 21
94 1000866 6 91925 253
95 1000729 6 60119 222
96 1000381 7 70508 91
97 1000212 4 76956 149
98 1000009 2 19795 138
99 1000341 3 48130 47
100 1000346 7 81336 18
101 1000042 3 21478 76
102 1000597 3 47305 202
103 1000561 2 38458 58
104 1000489 6 31419 24
105 1000315 2 68558 36
106 1000309 4 43060 153
107 1000424 1 13029 246
108 1000485 3 45044 63
109 1000490 1 91698 254
110 1000436 1 39572 171
111 1000752 6 20404 85
112 1000641 5 49227 44
113 1000067 7 11098 101
114 1000767 2 8016 197
115 1000008 1 51618 148
116 1000459 4 76663 111
117 1000433 1 48278 112
118 1000267 5 21835 220
119 1000196 3 15075 32
120 1000841 7 92014 14
121 1000924 5 59194 103
122 1000121 4 52161 131
123 1000212 6 5519 110
124 1000638 2 13715 101
125 1000469 4 47402 77
126 1000107 5 63951 75
127 1000577 4 83672 216
128 1000898 5 64934 165
129 1000853 4 65359 103
130 1000555 5 28676 4
131 1000348 6 97916 162
132 1000837 3 4649 75
133 1000895 3 78983 79
134 1000862 4 76409 150
135 1000735 6 61661 33
136 1000819 1 67703 20
137 1000067 2 17105 20
138 1000307 1 99471 229
139 1000338 7 21062 76
140 1000889 6 60390 190
141 1000517 4 69443 17
142 1000587 1 88942 39
143 1000764 4 98910 105
144 1000296 5 78462 213
145 1000845 4 50931 119
146 1000871 7 2685 0
147 1000758 2 39642 130
148 1000340 1 64686 134
149 1000965 7 39690 208
150 1000393 7 50290 31
151 1000167 6 16689 122
152 1000293 6 43782 28
153 1000964 1 63089 213
154 1000144 4 78901 41
155 1000689 6 19841 180
156 1000421 1 80187 238
157 1000395 4 6165 51
158 1000482 7 19841 10
159 1000033 5 80924 67
160 1000645 3 13801 177
161 1000199 4 64268 56
162 1000902 1 79970 239
163 1000629 6 44285 63
164 1000992 6 93536 151
165 1000807 7 16661 198
166 1000818 3 97752 62
167 1000531 7 24790 19
168 1000800 4 58272 190
169 1000774 2 59700 182
170 1000808 6 9875 22
171 1000923 1 63723 130
172 1000922 1 68166 110
173 1000235 1 82239 215
174 1000519 3 14870 74
175 1000436 5 55320 43
176 1000958 1 54479 32
177 1000101 4 20468 15
178 1000810 4 56504 213
179 1000030 4 42533 129
180 1000080 3 9219 62
181 1000367 6 3851 176
182 1000356 2 1307 118
183 1000838 3 9243 73
184 1000212 1 26843 63
185 1000765 1 38439 188
186 1000706 1 79279 119
187 1000879 2 24510 232
188 1000115 4 45148 132
189 1000133 1 27279 185
190 1000343 4 38356 151
191 1000959 5 83351 167
192 1000188 5 10592 52
193 1000546 5 40340 80
194 1000385 2 16415 114
195 1000323 5 31830 121
196 1000772 2 38150 190
197 1000429 6 6063 67
198 1000615 1 51617 39
199 1000719 1 17305 215
200
0 1000306 5 54625 72
1 1000605 4 39064 181
2 1000086 2 58303 189
3 1000652 5 7584 192
4 1000418 1 54687 164
5 1000451 2 48706 150
6 1000975 4 11935 94
7 1000815 1 36304 57
8 1000571 5 90204 78
9 1000814 6 58480 204
10 1000189 7 55274 221
11 1000178 2 59435 174
12 1000959 5 18687 181
13 1000473 6 83533 44
14 1000494 7 26692 150
15 1000001 7 91619 229
16 1000633 4 1020 111
17 1000305 1 82434 154
18 1000558 5 20477 217
19 1000723 7 61792 47
20 1000694 4 99627 118
21 1000556 7 53125 143
22 1000647 1 15838 138
23 1000904 6 5315 0
24 1000262 4 68958 202
25 1000455 1 97852 129
26 1000362 3 98989 100
27 1000609 1 4647 36
28 1000811 3 40057 174
29 1000121 5 32644 83
30 1000069 4 37971 144
31 1000532 2 75233 107
32 1000544 1 53845 206
33 1000759 7 36519 149
34 1000452 3 74480 70
35 1000160 1 91362 61
36 1000390 4 77472 239
37 1000142 5 87590 153
38 1000362 6 61954 212
39 1000223 4 64076 162
40 1000504 6 7894 227
41 1000307 2 97677 253
42 1000053 5 28275 13
43 1000363 4 51245 5
44 1000866 5 8711 41
45 1000702 6 87689 202
46 1000006 3 5398 59
47 1000635 1 35433 149
48 1000744 2 18440 147
49 1000195 1 56888 235
50 1000733 3 50349 86
51 1000338 4 84936 222
52 1000151 4 92908 75
53 1000536 3 16938 106
54 1000932 2 58213 178
55 1000808 4 56006 251
56 1000398 6 28857 100
57 1000449 2 76878 25
58 1000927 4 4362 119
59 1000648 1 24479 186
60 1000058 6 83634 88
61 1000238 5 38998 44
62 1000721 7 67125 145
63 1000789 3 53928 234
64 1000055 6 91332 220
65 1000594 4 64252 130
66 1000721 4 28236 172
67 1000272 1 5742 26
68 1000166 3 508 148
69 1000670 1 18404 32
70 1000805 4 89196 113
71 1000993 5 51972 113
72 1000464 2 44500 52
73 1000620 1 41816 165
74 1000548 4 42618 130
75 1000029 5 5814 97
76 1000377 1 27472 177
77 1000192 7 26427 128
78 1000688 6 96417 154
79 1000319 5 50420 130
80 1000493 3 93387 122
81 1000045 3 72349 37
82 1000009 4 64921 224
83 1000048 7 54018 252
84 1000471 4 15483 43
85 1000083 2 12941 78
86 1000423 2 57756 39
87 1000837 4 73271 201
88 1000040 2 32733 250
89 1000225 2 36569 180
90 1000327 4 14063 146
91 1000624 5 26370 151
92 1000796 4 67376 236
93 1000549 6 34209 139
94 1000237 1 15563 50
95 1000176 6 54351 127
96 1000223 3 96480 3
97 1000759 5 67540 219
98 1000879 1 15964 196
99 1000660 3 15499 183
100 1000235 6 93920 144
101 1000226 6 31476 33
102 1000530 3 88428 167
103 1000239 3 82381 245
104 1000293 5 22464 70
105 1000829 1 72499 167
106 1000375 5 83207 12
107 1000831 2 51850 79
108 1000999 2 66909 39
109 1000138 7 27067 254
110 1000583 7 91187 109
111 1000240 6 17319 119
112 1000778 4 46330 67
113 1000644 4 14158 13
114 1000539 5 47005 250
115 1000466 3 1657 112
116 1000568 6 21370 253
117 1000828 6 63035 160
118 1000721 7 10325 132
119 1000140 5 52672 97
120 1000841 3 38238 196
121 1000966 1 27350 19
122 1000322 6 97921 127
123 1000351 7 57829 115
124 1000266 3 88026 83
125 1000312 1 46709 29
126 1000749 6 19821 180
127 1000022 4 82291 31
128 1000025 2 5894 6
129 1000231 6 42818 34
130 1000840 1 45211 216
131 1000139 2 58847 222
132 1000145 3 40889 90
133 1000664 3 95429 209
134 1000391 1 53646 135
135 1000546 5 96422 236
136 1000777 1 74021 62
137 1000418 4 22455 1
138 1000512 2 81507 75
139 1000081 3 31114 90
140 1000252 1 22131 86
141 1000735 1 55991 53
142 1000635 6 59967 76
143 1000629 5 5250 129
144 1000348 7 96734 192
145 1000027 6 4761 254
146 1000091 3 38370 77
147 1000469 2 66511 182
148 1000166 6 98695 207
149 1000345 3 64529 201
150 1000015 3 69513 147
151 1000563 4 4579 134
152 1000956 6 5021 233
153 1000404 6 15731 206
154 1000354 4 6705 10
155 1000279 6 4493 130
156 1000697 6 76285 148
157 1000702 7 27145 174
158 1000395 7 32852 106
159 1000118 5 43181 124
160 1000600 6 94383 180
161 1000166 7 20062 169
162 1000866 6 1192 26
163 1000578 2 45165 185
164 1000298 6 38460 165
165 1000506 7 52909 220
166 1000174 1 18450 22
167 1000452 2 44741 4
168 1000971 6 62969 131
169 1000765 5 24597 35
170 1000562 4 36531 89
171 1000542 2 8296 80
172 1000593 1 66051 196
173 1000772 4 34834 159
174 1000291 1 56192 143
175 1000968 3 70500 162
176 1000350 2 92481 221
177 1000810 2 777 79
178 1000803 6 91933 196
179 1000369 4 4767 210
180 1000651 5 99646 116
181 1000921 1 47478 81
182 1000696 2 82695 181
183 1000642 6 65142 9
184 1000748 6 32663 123
185 1000281 2 99363 215
186 1000079 5 58744 121
187 1000761 6 58938 51
188 1000980 2 21560 225
189 1000945 1 55935 202
190 1000962 3 33121 223
191 1000902 7 46684 167
192 1000092 3 3950 252
193 1000011 7 32842 103
194 1000780 4 50676 223
195 1000794 6 82005 199
196 1000713 7 5036 238
197 1000363 7 74553 64
198 1000577 6 36484 167
199 1000841 1 52179 242
200
0 1000943 5 17740 21
1 1000083 5 45539 184
2 1000004 1 25006 56
3 1000687 5 61749 22
4 1000322 7 3328 161
5 1000402 2 83306 140
6 1000416 6 18630 75
7 1000413 7 40121 30
8 1000166 2 17558 246
9 1000722 6 93884 23
10 1000747 7 68107 22
11 1000843 5 90596 198
12 1000972 2 45181 42
13 1000082 5 22863 135
14 1000206 7 34206 167
15 1000717 6 33277 132
16 1000529 4 20343 229
17 1000565 2 5060 90
18 1000656 5 4430 161
19 1000837 1 25283 233
20 1000625 2 60119 81
21 1000726 3 85880 69
22 1000487 7 72866 29
23 1000556 1 67853 175
24 1000002 7 10485 53
25 1000437 5 46180 231
26 1000343 7 49554 185
27 1000861 7 83437 60
28 1000139 3 2979 93
29 1000751 2 2517 172
30 1000907 5 25342 22
31 1000423 6 8132 159
32 1000815 4 6847 86
33 1000366 7 10148 209
34 1000055 4 46528 130
35 1000688 3 73759 232
36 1000422 2 4023 232
37 1000821 3 24969 198
38 1000065 3 12623 63
39 1000026 3 2797 90
40 1000413 5 90515 6
41 1000330 4 72621 253
42 1000487 1 6780 205
43 1000809 7 34373 14
44 1000663 5 12546 41
45 1000341 3 12909 241
46 1000991 1 20221 146
47 1000982 1 96 192
48 1000345 2 71865 75
49 1000164 2 20838 124
50 1000965 5 43028 12
51 1000494 6 88925 203
52 1000045 2 31496 144
53 1000336 2 31220 180
54 1000231 2 55149 237
55 1000372 5 18088 197
56 1000578 7 1766 83
57 1000952 5 739 199
58 1000735 7 22540 76
59 1000019 1 42379 1
60 1000039 1 14668 75
61 1000797 2 88289 194
62 1000806 1 54885 223
63 1000581 6 43637 126
64 1000944 2 47714 110
65 1000546 4 9575 66
66 1000417 5 86335 179
67 1000989 1 56563 223
68 1000251 4 50038 115
69 1000938 4 31465 246
70 1000406 5 9047 129
71 1000282 5 48733 11
72 1000618 5 62201 121
73 1000282 1 80081 164
74 1000888 7 51220 54
75 1000547 7 6386 73
76 1000730 4 3513 215
77 1000748 7 51526 221
78 1000946 1 93480 235
79 1000618 4 21153 86
80 1000348 4 53884 81
81 1000604 7 37187 57
82 1000955 3 45275 73
83 1000643 3 61955 27
84 1000200 3 23187 166
85 1000303 4 83156 21
86 1000298 5 56520 17
87 1000698 4 35268 192
88 1000745 2 45466 68
89 1000135 1 80365 182
90 1000169 1 56437 203
91 1000474 1 84135 39
92 1000796 4 71423 70
93 1000173 2 27193 84
94 1000233 1 68853 69
95 1000838 4 46790 147
96 1000733 7 43932 60
97 1000821 7 53592 134
98 1000920 2 44889 169
99 1000545 6 18951 192
100 1000757 6 72808 156
101 1000240 4 45420 199
102 1000971 4 67050 156
103 1000987 4 53255 50
104 1000699 2 19353 2
105 1000597 5 83107 54
106 1000713 7 84851 104
107 1000610 6 79054 56
108 1000273 6 95935 86
109 1000384 1 4722 5
110 1000118 3 94695 246
111 1000325 1 88602 231
112 1000377 5 91316 129
113 1000682 4 29979 81
114 1000575 5 10215 86
115 1000026 7 84308 85
116 1000899 5 53596 106
117 1000448 6 89610 207
118 1000270 1 76997 68
119 1000941 4 22458 225
120 1000578 1 49159 44
121 1000659 5 53109 171
122 1000238 5 59707 20
123 1000491 5 13344 137
124 1000853 5 64262 201
125 1000484 3 23727 117
126 1000553 3 20912 154
127 1000872 5 18828 233
128 1000070 1 62668 201
129 1000579 4 72895 47
130 1000271 4 30101 56
131 1000303 2 47116 48
132 1000141 6 7433 70
133 1000600 5 26019 3
134 1000033 7 53000 251
135 1000731 6 14031 242
136 1000572 3 44964 49
137 1000702 1 31679 116
138 1000509 7 40829 140
139 1000230 1 64964 181
140 1000969 5 44679 46
141 1000079 3 75192 216
142 1000231 6 48169 195
143 1000881 7 19068 118
144 1000294 2 97307 246
145 1000675 7 47077 144
146 1000393 5 16957 61
147 1000410 3 65570 241
148 1000234 6 92970 191
149 1000647 3 56613 142
150 1000367 4 93634 144
151 1000887 1 62879 149
152 1000123 4 20220 176
153 1000955 2 97429 95
154 1000951 3 65445 117
155 1000112 6 50320 199
156 1000475 5 60526 112
157 1000691 4 65828 159
158 1000498 2 41226 0
159 1000094 4 41569 201
160 1000912 2 56539 24
161 1000589 7 5301 208
162 1000095 3 26254 167
163 1000182 1 23701 186
164 1000028 2 5728 4
165 1000391 5 591 66
166 1000119 7 79253 102
167 1000083 6 61092 101
168 1000868 1 68187 212
169 1000068 5 23218 119
170 1000232 4 50061 243
171 1000826 1 57123 107
172 1000390 7 5400 137
173 1000029 5 45491 188
174 1000846 3 88760 232
175 1000656 2 78107 47
176 1000257 1 93696 52
177 1000279 1 90748 72
178 1000635 7 86357 69
179 1000388 2 75128 163
180 1000206 4 66587 61
181 1000573 1 90850 243
182 1000127 5 58680 240
183 1000182 4 71798 173
184 1000131 4 33350 193
185 1000080 5 66250 171
186 1000839 7 30614 232
187 1000254 3 62987 210
188 1000024 4 94820 3
189 1000565 4 58469 114
190 1000439 2 33190 244
191 1000486 2 29919 225
192 1000290 3 85629 248
193 1000613 2 68470 44
194 1000192 3 67870 62
195 1000968 1 20331 175
196 1000037 3 81499 82
197 1000784 4 51158 96
198 1000421 4 25173 85
199 1000400 1 44429 96
200
0 1000741 3 24013 222
1 1000155 6 90274 252
2 1000920 6 74808 109
3 1000612 4 4314 124
4 1000499 5 41640 100
5 1000000 1 8162 68
6 1000248 4 88370 114
7 1000676 6 14294 217
8 1000946 6 83109 146
9 1000906 6 44322 252
10 1000701 2 21393 190
11 1000570 7 46732 224
12 1000400 4 86932 162
13 1000866 4 8825 75
14 1000225 7 14851 79
15 1000976 4 60802 107
16 1000913 3 92304 23
17 1000021 4 27175 44
18 1000874 4 76740 210
19 1000553 2 83019 2
20 1000983 6 17876 250
21 1000316 4 71293 33
22 1000080 5 95746 252
23 1000770 1 26733 214
24 1000631 7 47188 159
25 1000085 6 3046 122
26 1000628 7 3656 188
27 1000157 4 33869 56
28 1000607 4 36498 112
29 1000391 4 97777 173
30 1000233 7 77363 135
31 1000958 1 5769 79
32 1000323 6 76570 248
33 1000064 5 62842 222
34 1000327 4 95573 12
35 1000119 4 79582 68
36 1000779 2 4080 60
37 1000722 4 32491 16
38 1000644 3 34625 196
39 1000118 3 38225 191
40 1000630 7 83514 97
41 1000762 7 71005 30
42 1000346 5 72383 7
43 1000165 4 2878 132
44 1000339 2 45095 50
45 1000628 5 54743 34
46 1000257 5 13657 38
47 1000881 5 16812 248
48 1000035 5 29281 177
49 1000099 5 92720 111
50 1000181 6 86949 117
51 1000408 2 79795 224
52 1000356 2 35282 178
53 1000997 5 26319 110
54 1000476 7 41122 65
55 1000283 5 87092 0
56 1000085 6 43003 157
57 1000893 6 42372 17
58 1000086 5 1851 149
59 1000822 1 21822 140
60 1000206 5 72703 177
61 1000885 4 11654 212
62 1000514 5 53632 62
63 1000082 5 60681 165
64 1000178 3 31594 223
65 1000689 6 37583 16
66 1000023 7 1078 137
67 1000078 7 86667 160
68 1000324 5 85655 147
69 1000049 7 92860 127
70 1000869 6 67713 71
71 1000265 5 7352 198
72 1000428 3 76341 115
73 1000259 3 69835 250
74 1000910 4 92834 62
75 1000433 3 22222 26
76 1000236 6 62564 196
77 1000031 2 10631 157
78 1000100 7 23937 65
79 1000983 4 1992 185
80 1000538 4 16327 126
81 1000511 3 35200 206
82 1000441 4 91408 29
83 1000168 6 68713 182
84 1000207 2 19812 113
85 1000818 3 19045 95
86 1000564 3 71326 13
87 1000185 2 94604 213
88 1000947 6 20558 124
89 1000776 5 16885 86
90 1000762 2 68684 153
91 1000817 7 92917 10
92 1000739 4 26187 31
93 1000421 2 49941 198
94 1000217 4 69890 252
95 1000105 2 11268 5
96 1000920 7 10715 5
97 1000984 6 31855 202
98 1000461 6 36149 211
99 1000996 3 86749 202
100 1000264 6 10045 80
101 1000600 2 97095 107
102 1000878 1 99826 27
103 1000523 7 8787 228
104 1000254 4 93080 68
105 1000614 6 66806 148
106 1000013 5 19365 179
107 1000682 3 48107 152
108 1000513 6 90215 129
109 1000136 1 62843 102
110 1000623 4 44483 242
111 1000308 4 18262 243
112 1000838 3 91880 169
113 1000357 7 83606 194
114 1000405 5 52596 152
115 1000690 7 99241 120
116 1000193 4 28363 135
117 1000526 2 66802 71
118 1000827 5 67815 243
119 1000939 3 33945 221
120 1000308 4 85267 26
121 1000808 6 25471 131
122 1000469 6 9015 9
123 1000206 5 13529 131
124 1000812 1 28388 94
125 1000632 2 86677 184
126 1000624 7 35085 4
127 1000690 6 2162 10
128 1000622 2 40686 120
129 1000402 7 65511 185
130 1000878 3 11510 221
131 1000800 1 91684 12
132 1000786 2 1871 139
133 1000361 6 27344 196
134 1000201 3 24180 91
135 1000508 6 19812 208
136 1000600 6 29713 1
137 1000055 4 79231 16
138 1000661 6 84968 69
139 1000514 1 54962 158
140 1000339 6 82087 96
141 1000731 1 44451 70
142 1000323 6 97914 140
143 1000497 4 79819 169
144 1000276 6 10211 234
145 1000823 7 20917 55
146 1000524 3 73260 207
147 1000622 4 55218 81
148 1000622 4 16568 57
149 1000598 7 14607 95
150 1000764 4 38563 51
151 1000701 7 55807 134
152 1000282 7 14502 182
153 1000521 7 70257 38
154 1000008 1 79670 7
155 1000997 7 18153 62
156 1000417 4 63090 13
157 1000320 6 18408 43
158 1000719 4 84398 115
159 1000049 2 54057 14
160 1000048 5 52350 67
161 1000573 6 92190 152
162 1000416 4 71611 28
163 1000760 7 58418 74
164 1000574 2 84443 106
165 1000602 2 11703 240
166 1000294 3 33124 108
167 1000412 6 1179 26
168 1000536 7 9197 5
169 1000654 3 20252 72
170 1000852 7 66494 68
171 1000960 1 43545 3
172 1000758 7 42379 74
173 1000338 5 98444 32
174 1000088 3 27146 129
175 1000461 3 89430 248
176 1000481 5 69003 43
177 1000082 3 57509 196
178 1000795 4 71069 245
179 1000564 4 67981 37
180 1000928 2 18839 204
181 1000848 7 67036 160
182 1000151 1 18767 79
183 1000035 4 84481 59
184 1000680 1 68729 137
185 1000578 3 46168 244
186 1000411 5 41836 238
187 1000524 3 30448 19
188 1000742 4 47971 175
189 1000811 5 904 127
190 1000588 1 62298 56
191 1000376 4 81134 124
192 1000558 1 67985 57
193 1000997 1 74699 183
194 1000040 3 23570 174
195 1000275 4 63327 214
196 1000001 7 84921 120
197 1000670 6 62576 176
198 1000699 7 95112 82
199 1000944 1 99773 245
200
0 1000538 6 21613 197
1 1000712 3 89778 247
2 1000218 1 92693 232
3 1000638 5 87934 88
4 1000626 4 41321 167
5 1000440 5 82380 73
6 1000524 4 51308 121
7 1000377 4 38695 123
8 1000216 3 31693 190
9 1000964 4 31217 172
10 1000638 6 19198 164
11 1000249 2 99597 131
12 1000563 2 70324 58
13 1000915 4 62892 104
14 1000708 2 78686 183
15 1000619 2 93050 45
16 1000553 4 27564 150
17 1000399 3 67076 103
18 1000362 7 53309 161
19 1000748 1 5679 98
20 1000979 2 79157 83
21 1000867 5 60075 41
22 1000256 5 37719 249
23 1000429 7 41181 197
24 1000055 7 15078 30
25 1000342 2 99996 136
26 1000629 6 73241 224
27 1000316 5 54378 246
28 1000383 2 88657 45
29 1000743 1 82333 46
30 1000518 1 86522 169
31 1000978 6 78201 49
32 1000922 5 30793 10
33 1000042 7 12515 159
34 1000093 7 77083 200
35 1000726 2 75468 101
36 1000284 3 20808 94
37 1000604 2 17945 66
38 1000896 2 33801 253
39 1000807 3 19041 138
40 1000209 1 17872 208
41 1000997 2 26067 8
42 1000359 5 86310 245
43 1000694 2 99007 138
44 1000083 6 91674 142
45 1000810 5 96534 112
46 1000004 2 27150 1
47 1000428 2 19068 248
48 1000551 1 65972 163
49 1000972 2 87794 89
50 1000467 3 87054 226
51 1000236 6 83538 140
52 1000691 6 24740 51
53 1000358 4 35673 180
54 1000551 5 37058 111
55 1000292 5 51442 33
56 1000179 4 14916 48
57 1000529 7 18151 235
58 1000147 4 34289 99
59 1000779 7 23284 35
60 1000271 4 42868 192
61 1000524 1 45132 199
62 1000753 6 50326 64
63 1000790 6 93382 77
64 1000671 1 40029 227
65 1000528 7 75427 212
66 1000215 4 26667 200
67 1000089 1 70164 205
68 1000124 5 88276 238
69 1000767 6 22011 16
70 1000206 2 31551 48
71 1000612 4 53280 35
72 1000908 7 71824 108
73 1000538 2 28639 251
74 1000093 2 13060 66
75 1000618 2 72121 220
76 1000615 4 84021 134
77 1000688 7 61780 14
78 1000359 3 26989 17
79 1000998 2 57743 110
80 1000530 6 27793 3
81 1000146 2 59473 241
82 1000093 5 36185 148
83 1000401 3 96733 152
84 1000898 6 11624 63
85 1000846 4 48572 45
86 1000235 7 17839 209
87 1000943 2 2337 248
88 1000289 2 67791 189
89 1000756 6 19083 59
90 1000520 3 41969 38
91 1000368 7 25116 102
92 1000302 5 91399 217
93 1000666 6 96685 193
94 1000404 1 18708 225
95 1000078 3 82504 79
96 1000539 2 78953 250
97 1000358 2 76731 76
98 1000897 5 56282 135
99 1000758 2 15306 80
100 1000142 4 70285 216
101 1000959 2 5022 153
102 1000768 4 75091 43
103 1000698 3 84855 50
104 1000103 4 32197 21
105 1000030 7 93146 44
106 1000476 7 34085 131
107 1000719 5 49332 83
108 1000243 6 15988 81
109 1000977 4 85222 124
110 1000013 2 18815 73
111 1000884 6 20231 90
112 1000069 1 36627 48
113 1000276 5 61320 132
114 1000592 4 5440 38
115 1000144 7 59181 30
116 1000355 3 33285 208
117 1000399 1 38861 123
118 1000217 7 11685 73
119 1000253 7 68537 109
120 1000463 3 1401 128
121 1000430 5 68062 66
122 1000727 3 93813 198
123 1000946 2 39091 48
124 1000455 6 83321 138
125 1000242 7 84841 134
126 1000924 7 40145 43
127 1000376 2 58975 13
128 1000395 6 58629 26
129 1000646 7 37401 217
130 1000479 5 74574 99
131 1000164 7 987 136
132 1000109 7 50449 131
133 1000202 4 61713 135
134 1000527 4 17395 254
135 1000274 7 22543 7
136 1000212 3 34304 55
137 1000673 1 57158 158
138 1000330 5 94447 98
139 1000338 4 16714 63
140 1000255 3 99770 241
141 1000452 2 90076 181
142 1000437 7 57195 209
143 1000373 5 13837 44
144 1000571 7 59354 67
145 1000098 1 68800 197
146 1000670 4 31123 201
147 1000652 6 12666 215
148 1000058 6 38841 87
149 1000308 3 69054 63
150 1000571 6 88838 172
151 1000000 2 200 47
152 1000347 7 44268 231
153 1000867 2 31820 191
154 1000902 6 74908 236
155 1000267 5 22441 230
156 1000409 1 13534 2
157 1000109 3 94991 106
158 1000319 5 15079 154
159 1000910 1 13417 147
160 1000758 1 32223 56
161 1000700 2 58271 84
162 1000169 4 33795 85
163 1000450 6 74835 13
164 1000574 4 2141 62
165 1000102 3 10862 195
166 1000213 3 94804 196
167 1000235 4 84559 188
168 1000191 4 83860 4
169 1000603 4 78968 119
170 1000290 3 67256 160
171 1000484 6 96666 239
172 1000901 6 94088 129
173 1000352 3 21471 95
174 1000900 2 60592 165
175 1000658 1 48800 242
176 1000636 7 92138 146
177 1000691 2 2755 52
178 1000470 6 67838 93
179 1000202 7 50945 169
180 1000564 2 4316 251
181 1000423 4 57785 188
182 1000012 2 74331 104
183 1000069 4 17240 44
184 1000736 5 90897 207
185 1000628 3 27245 40
186 1000438 1 71376 244
187 1000734 6 44923 1
188 1000202 5 38688 214
189 1000459 6 67349 145
190 1000065 1 11282 177
191 1000388 6 54069 195
192 1000800 6 91169 118
193 1000289 4 52500 0
194 1000642 4 83259 147
195 1000689 4 20187 204
196 1000690 7 56563 202
197 1000731 7 76834 154
198 1000480 5 48454 155
199 1000428 7 76784 87
