9 1 2 3 7 6 11 12 13 14
14 1 3 8 9 3 8 9 3 9 6 11 12 13 14
18 1 2 3 7 6 9 3 8 7 6 16 18 19 20 3 4 6 10
13 1 3 7 6 9 3 8 9 3 7 6 16 17
25 1 2 3 8 7 6 15 20 3 8 7 6 15 20 3 8 7 6 15 20 3 7 6 16 17
19 1 3 4 5 6 16 18 19 20 3 8 9 6 9 6 11 12 13 14
7 1 2 3 4 5 6 10
128 20 23 26 29 32 35 38 41 44 47 50 53 56 59 62 65 68 71 74 77 80 83 86 89 92 95 98 101 104 107 110 113 116 119 122 125 128 131 134 137 140 143 146 149 152 155 158 161 164 167 170 173 176 179 182 185 188 191 194 197 200 203 206 209 212 215 218 221 224 227 230 233 236 239 242 245 248 251 254 257 260 263 266 269 272 275 278 281 284 287 290 293 296 299 302 305 308 311 314 317 320 323 326 329 332 335 338 341 344 347 350 353 356 359 362 365 368 371 374 377 380 383 386 389 392 395 398 401
64 30 36 42 48 55 61 67 74 80 86 93 99 105 112 118 124 131 137 143 150 156 162 169 175 181 188 194 200 207 213 219 226 235 244 253 263 272 281 290 300 309 318 328 337 346 355 365 374 383 393 401 410 419 428 437 446 455 463 472 481 490 499 508 517
128 17 27 37 48 58 69 79 90 100 111 121 132 143 153 164 174 185 196 206 217 228 238 249 259 270 281 291 302 313 323 334 345 357 370 383 395 408 421 433 446 459 471 484 497 509 522 535 548 561 575 589 602 616 630 643 657 671 684 698 712 725 739 753 767 780 794 808 822 836 850 864 878 891 905 919 933 947 961 975 988 1002 1016 1030 1044 1058 1072 1086 1099 1113 1127 1141 1155 1169 1183 1197 1210 1224 1238 1252 1266 1280 1294 1308 1322 1336 1349 1363 1377 1391 1405 1419 1433 1447 1461 1475 1488 1502 1516 1530 1544 1558 1572 1586 1600 1614 1627 1641 1655
128 5 6 7 8 10 11 12 14 15 16 17 18 19 20 21 22 23 24 26 27 28 29 30 32 33 34 35 36 38 39 40 41 43 45 47 49 51 52 54 56 58 60 62 64 66 68 70 71 73 75 77 78 80 82 83 85 87 88 90 92 94 95 97 99 100 102 104 106 108 109 111 113 115 116 118 120 122 124 125 127 129 131 133 134 136 138 140 142 143 145 147 149 151 152 154 156 158 160 163 165 167 169 171 174 176 178 180 182 185 187 189 191 194 196 198 200 202 205 207 209 211 214 216 218 220 222 225 227
96 13 20 27 34 41 48 55 62 67 76 83 90 98 104 111 118 125 132 139 146 153 160 167 174 181 188 195 202 209 216 223 230 233 244 251 258 265 272 279 286 293 300 307 314 321 328 335 342 349 356 363 370 377 384 391 398 405 412 419 426 430 440 447 454 461 468 475 482 489 496 503 510 517 524 531 538 545 552 559 566 573 580 587 594 601 608 615 622 629 636 643 650 657 664 671 678
128 15 21 27 33 40 46 52 59 65 72 78 85 91 98 104 111 119 126 134 142 150 157 165 173 180 188 196 204 211 219 227 235 244 253 262 271 280 289 298 307 316 325 334 344 353 362 371 380 392 403 415 427 439 450 462 474 486 497 509 521 533 544 556 568 577 587 596 606 615 625 634 644 653 663 672 682 691 701 710 720 729 739 748 758 767 777 786 796 805 815 824 834 843 853 862 872 884 897 910 923 936 948 961 974 987 1000 1012 1025 1038 1051 1064 1076 1089 1102 1115 1128 1141 1153 1166 1179 1192 1205 1217 1230 1243 1256 1269 1281
128 25 38 52 65 79 92 106 119 132 146 159 172 185 199 212 225 240 255 270 284 299 314 329 344 358 373 388 403 418 432 446 459 472 486 499 512 526 539 552 566 579 592 606 619 632 646 659 674 690 705 720 735 751 766 781 796 812 827 842 858 873 888 903 917 932 946 961 975 990 1004 1019 1033 1048 1062 1077 1091 1106 1121 1135 1150 1164 1179 1193 1208 1222 1237 1251 1266 1280 1295 1309 1324 1338 1353 1367 1382 1398 1414 1430 1446 1462 1478 1494 1510 1526 1542 1558 1574 1590 1606 1621 1637 1653 1669 1685 1701 1717 1733 1749 1765 1781 1797 1813 1829 1845 1861 1877 1893
64 5 9 13 17 21 24 28 31 35 38 41 45 48 51 54 57 60 63 66 69 72 75 77 80 83 86 88 91 94 96 99 102 104 107 109 112 115 117 120 122 125 128 130 133 135 138 141 144 146 149 152 155 157 160 163 166 169 172 175 179 182 185 188 192
128 27 37 48 58 69 80 90 101 109 117 125 133 141 149 157 165 173 181 189 197 206 214 222 230 238 246 254 262 271 279 287 295 315 336 356 376 396 417 437 457 478 498 518 538 559 579 599 620 609 599 589 579 568 558 548 537 527 517 507 496 486 476 466 455 470 484 499 513 528 542 557 571 586 600 615 629 644 658 673 687 702 716 731 745 760 774 788 803 817 832 846 861 875 890 904 919 930 942 954 965 977 989 1000 1012 1024 1035 1047 1059 1070 1082 1094 1105 1117 1129 1140 1152 1163 1175 1187 1198 1210 1222 1233 1245 1257 1268 1280 1292
115 3 3 3 3 3 3 3 3 3 3 3 3 3 3 3 4 4 4 4 4 4 4 4 4 4 4 4 4 4 4 4 4 4 4 4 4 4 4 4 4 4 5 5 5 5 5 5 5 5 5 5 5 5 5 5 5 5 5 5 5 5 5 6 6 6 6 6 6 6 6 6 6 6 6 6 7 7 7 7 7 7 7 7 7 7 7 7 7 7 7 7 7 7 7 7 7 8 8 8 8 8 8 8 8 8 8 8 8 8 8 8 8 8 8 8
49 7 12 18 24 30 36 42 48 54 60 66 72 78 84 90 96 102 108 114 120 126 132 138 144 150 156 162 168 174 180 186 192 196 201 206 211 216 221 226 231 235 240 245 250 255 260 265 270 275
64 5 11 17 22 27 32 37 42 47 52 56 60 64 69 73 77 80 84 88 92 95 99 102 105 109 112 116 119 122 126 129 132 135 139 142 146 149 152 156 160 163 167 171 174 178 182 187 191 195 200 204 209 214 219 224 229 234 240 246 252 258 264 270 277
50 4 6 8 11 13 15 18 20 22 25 26 27 28 29 30 31 32 33 34 35 35 36 37 38 39 40 41 42 43 44 44 45 46 47 48 48 49 50 51 52 52 53 54 55 56 56 57 58 59 60
128 6 13 20 27 33 40 46 53 59 65 71 77 83 89 95 100 106 112 117 122 128 133 138 144 149 154 159 164 169 174 179 184 188 193 198 203 207 212 216 221 225 230 234 239 243 248 252 257 261 266 270 274 279 283 287 292 296 301 305 309 314 318 323 327 332 336 341 345 350 354 359 364 368 373 378 382 387 392 397 402 407 412 417 422 428 433 438 444 449 455 460 466 471 477 483 489 495 501 507 514 520 526 533 539 546 553 560 567 574 581 588 595 603 610 618 626 634 642 650 658 666 675 683 692 701 710 719 728
16 10 18 26 34 43 49 56 63 70 76 80 86 93 100 110 113
51 7 15 23 31 38 46 53 60 68 75 82 89 96 102 109 116 122 129 135 142 148 155 161 167 173 179 185 192 198 204 209 215 221 227 233 239 245 250 256 262 268 273 279 285 291 296 302 308 314 320 325
8 10 12 15 18 21 24 27 30
128 13 20 27 34 41 48 55 62 67 73 78 83 88 93 98 104 110 116 122 128 134 141 147 153 159 165 171 177 184 190 196 202 208 214 223 232 241 249 258 267 276 285 293 302 311 320 329 337 346 354 363 371 380 388 396 405 413 422 430 438 447 455 464 472 482 491 501 510 520 529 539 548 558 568 577 587 596 606 615 625 635 644 654 663 673 682 692 702 711 721 730 740 749 759 769 778 789 799 810 821 831 842 853 863 874 885 895 906 917 927 938 949 959 970 981 991 1002 1013 1023 1034 1045 1055 1066 1076 1087 1098 1108 1119
81 4 9 14 19 24 29 33 38 43 47 52 56 61 65 70 74 78 83 87 91 95 99 104 108 112 116 120 124 128 132 135 139 143 147 151 154 158 162 165 169 173 176 180 183 187 191 194 198 201 205 208 211 215 218 222 225 228 232 235 238 242 245 248 252 255 258 261 265 268 271 274 278 281 284 287 291 294 297 300 304 307
128 10 15 21 27 32 38 44 50 55 61 67 72 78 84 89 95 101 106 112 117 123 128 134 139 145 150 156 161 167 172 178 183 190 196 202 209 215 221 227 234 240 246 253 259 265 271 278 284 291 297 304 311 317 324 331 337 344 351 357 364 371 377 384 390 397 403 409 416 422 428 435 441 447 454 460 466 473 479 485 492 498 504 511 517 523 530 536 542 548 555 561 567 574 580 586 593 599 606 613 619 626 633 640 646 653 660 666 673 680 686 693 700 706 713 720 726 733 740 747 753 760 767 773 780 787 793 800 807
3 5 8 11 14 17 29 73
2 2 20
200
0 1000001 1 47325 86
1 1000004 3 79423 108
2 1000009 1 76180 81
3 1000006 6 51582 190
4 1000008 4 65807 137
5 1000000 7 3598 186
6 1000007 3 49810 216
7 1000008 2 73468 90
8 1000003 2 3128 90
9 1000005 2 17918 184
10 1000008 6 73386 93
11 1000007 7 54352 186
12 1000009 3 47434 228
13 1000002 7 52411 236
14 1000008 2 64228 142
15 1000007 5 67554 181
16 1000007 4 45977 233
17 1000007 6 29074 166
18 1000002 5 35146 245
19 1000004 3 92564 208
20 1000004 6 27240 250
21 1000008 3 89684 38
22 1000005 6 1104 97
23 1000001 1 75290 25
24 1000004 5 29704 54
25 1000008 2 34845 125
26 1000003 1 55433 16
27 1000000 3 47215 88
28 1000003 6 3073 42
29 1000001 1 3322 20
30 1000000 3 33514 65
31 1000002 6 24084 0
32 1000006 5 5658 126
33 1000002 1 550 176
34 1000009 6 97316 57
35 1000004 3 64063 15
36 1000004 4 72287 23
37 1000004 7 52672 78
38 1000007 2 12250 161
39 1000001 1 58697 65
40 1000008 5 51506 249
41 1000008 3 18853 174
42 1000004 3 79440 214
43 1000000 6 73132 71
44 1000000 3 4399 67
45 1000002 2 12567 232
46 1000003 5 92812 16
47 1000003 2 93569 227
48 1000001 3 10543 116
49 1000009 7 81778 184
50 1000004 6 55446 142
51 1000008 7 633 77
52 1000000 4 53573 82
53 1000001 5 94866 44
54 1000003 1 13078 10
55 1000002 7 30347 53
56 1000003 1 68254 237
57 1000007 3 70194 194
58 1000003 6 99684 107
59 1000006 4 67044 10
60 1000009 5 6716 214
61 1000008 5 23754 48
62 1000007 3 2554 60
63 1000009 3 37956 190
64 1000004 1 89826 211
65 1000001 1 40098 101
66 1000000 7 59169 30
67 1000006 6 63684 237
68 1000003 5 80421 37
69 1000000 3 3165 190
70 1000004 6 10034 112
71 1000007 2 15174 191
72 1000006 6 60716 71
73 1000005 4 15956 130
74 1000001 1 10553 171
75 1000006 2 90788 53
76 1000000 5 86398 240
77 1000000 6 92512 254
78 1000004 3 59905 72
79 1000005 3 63466 244
80 1000006 4 89159 151
81 1000006 2 20500 250
82 1000009 3 71902 218
83 1000001 5 95395 49
84 1000001 3 23087 75
85 1000006 1 11292 19
86 1000002 3 51196 118
87 1000005 4 22614 146
88 1000001 2 70896 216
89 1000001 3 67699 127
90 1000008 3 22226 80
91 1000007 6 30730 206
92 1000005 7 75162 74
93 1000007 4 94224 15
94 1000009 4 96568 92
95 1000006 5 7022 247
96 1000004 4 33256 211
97 1000007 3 71773 169
98 1000001 7 95131 115
99 1000008 5 24626 206
100 1000006 6 1522 160
101 1000007 5 93268 238
102 1000002 7 12378 8
103 1000006 2 95613 197
104 1000003 1 51117 102
105 1000004 6 76839 98
106 1000007 7 80207 70
107 1000000 5 88959 222
108 1000007 3 67298 88
109 1000007 6 26870 37
110 1000005 1 63626 33
111 1000009 4 88448 171
112 1000007 3 65917 235
113 1000000 1 80411 177
114 1000002 7 98338 207
115 1000004 6 81938 69
116 1000000 2 65469 195
117 1000007 6 38643 79
118 1000000 3 73063 239
119 1000000 3 4459 195
120 1000009 4 26794 157
121 1000007 6 17483 247
122 1000008 6 39677 39
123 1000004 7 41036 155
124 1000005 6 40918 201
125 1000008 7 12183 107
126 1000006 5 69530 76
127 1000008 6 11684 157
128 1000000 2 59971 118
129 1000008 3 8031 57
130 1000001 6 49705 186
131 1000003 3 46673 39
132 1000005 4 47540 85
133 1000007 4 38272 236
134 1000002 6 57934 110
135 1000004 3 20839 50
136 1000003 4 24845 191
137 1000002 3 18383 69
138 1000003 3 72169 193
139 1000006 7 98228 175
140 1000004 6 78001 164
141 1000006 7 93562 149
142 1000008 5 83492 37
143 1000005 3 51797 247
144 1000002 3 46400 225
145 1000007 1 24439 161
146 1000006 2 3674 53
147 1000005 2 47078 39
148 1000006 1 71131 164
149 1000003 7 77942 199
150 1000008 3 61460 77
151 1000005 3 26494 255
152 1000001 2 26784 169
153 1000004 2 55103 184
154 1000004 1 44918 96
155 1000003 6 31469 23
156 1000005 3 84932 31
157 1000002 2 8266 220
158 1000007 7 35641 67
159 1000005 5 75602 59
160 1000005 6 93139 202
161 1000003 1 51420 242
162 1000007 5 41529 46
163 1000009 5 70594 253
164 1000006 7 90643 232
165 1000002 4 50594 231
166 1000000 1 59157 65
167 1000001 6 65537 89
168 1000001 4 40084 234
169 1000000 3 13889 179
170 1000003 2 3269 75
171 1000006 6 12049 172
172 1000007 1 62240 123
173 1000001 4 18285 15
174 1000002 6 65819 30
175 1000000 2 71586 3
176 1000008 3 89371 122
177 1000002 3 64501 0
178 1000002 5 15273 126
179 1000001 4 27760 27
180 1000009 2 82101 194
181 1000005 5 84884 201
182 1000008 5 88530 83
183 1000008 1 19843 107
184 1000002 4 26463 152
185 1000005 4 18839 218
186 1000002 4 41116 153
187 1000001 5 13102 242
188 1000004 3 69126 250
189 1000004 2 55139 70
190 1000008 6 13630 15
191 1000009 5 98536 103
192 1000003 2 51312 20
193 1000002 6 3082 134
194 1000007 5 6265 114
195 1000002 5 40965 19
196 1000003 1 18405 95
197 1000001 6 60802 149
198 1000003 2 42510 141
199 1000008 5 8852 211
200
0 1000006 6 94433 17
1 1000007 3 86410 62
2 1000004 1 28102 214
3 1000005 3 70519 200
4 1000009 5 98005 102
5 1000006 7 16876 87
6 1000007 7 59575 177
7 1000006 4 80306 130
8 1000009 2 76129 243
9 1000007 2 98999 240
10 1000009 3 40562 36
11 1000002 3 79309 241
12 1000003 7 80700 65
13 1000004 7 27173 153
14 1000001 1 3808 101
15 1000005 1 41804 131
16 1000005 7 57747 36
17 1000006 4 93282 9
18 1000004 5 75266 67
19 1000003 2 21271 192
20 1000001 6 77096 228
21 1000004 6 10783 253
22 1000007 7 31140 77
23 1000009 3 29772 103
24 1000009 6 43897 200
25 1000008 4 30761 109
26 1000008 1 34273 127
27 1000002 5 95968 200
28 1000006 1 59741 200
29 1000006 4 49798 145
30 1000003 2 29371 28
31 1000008 5 11863 1
32 1000000 4 92676 220
33 1000006 2 67461 139
34 1000001 3 66886 184
35 1000008 7 64588 35
36 1000007 6 92086 113
37 1000004 1 3850 245
38 1000000 2 85053 72
39 1000003 3 31620 24
40 1000009 2 84721 151
41 1000001 6 73133 44
42 1000002 4 92702 71
43 1000000 3 67040 137
44 1000007 1 72915 181
45 1000005 6 12757 184
46 1000001 5 45628 186
47 1000004 7 62675 144
48 1000008 5 19636 13
49 1000000 3 56893 4
50 1000005 6 70059 25
51 1000001 6 70821 222
52 1000006 4 31441 93
53 1000002 5 5897 8
54 1000009 7 94303 180
55 1000002 3 2606 20
56 1000003 5 28782 206
57 1000001 3 14531 34
58 1000003 2 72111 97
59 1000001 1 90724 207
60 1000001 5 36834 113
61 1000000 5 67822 206
62 1000006 7 16598 79
63 1000006 2 60268 190
64 1000000 5 23948 225
65 1000006 5 84878 228
66 1000002 4 77925 65
67 1000005 2 3019 128
68 1000002 2 83603 211
69 1000009 6 32822 226
70 1000007 4 24659 216
71 1000006 3 28753 180
72 1000000 7 51730 14
73 1000006 3 3161 244
74 1000009 3 89965 138
75 1000003 4 93340 233
76 1000005 5 81089 236
77 1000003 5 70084 81
78 1000007 3 98934 185
79 1000006 1 66241 125
80 1000006 1 56709 236
81 1000009 5 59588 46
82 1000006 4 80779 185
83 1000008 3 21702 75
84 1000003 6 85098 89
85 1000006 4 65385 88
86 1000006 3 40973 207
87 1000004 6 93636 135
88 1000005 6 1510 205
89 1000009 1 27009 232
90 1000001 1 1401 185
91 1000005 5 41527 207
92 1000002 6 42684 41
93 1000008 5 62942 205
94 1000009 2 58285 48
95 1000009 1 45164 15
96 1000004 4 18350 26
97 1000000 3 53189 244
98 1000009 1 63199 104
99 1000003 6 80252 167
100 1000002 3 39741 200
101 1000009 5 95185 248
102 1000007 7 36620 43
103 1000008 2 75128 187
104 1000003 3 48730 92
105 1000003 5 85044 115
106 1000003 5 61399 121
107 1000006 7 34838 104
108 1000008 7 21186 0
109 1000006 7 61991 185
110 1000002 6 25975 93
111 1000007 5 870 68
112 1000003 6 28484 0
113 1000009 1 59832 100
114 1000002 3 51832 11
115 1000000 3 15183 156
116 1000000 5 47848 241
117 1000006 1 9979 236
118 1000002 2 59497 32
119 1000004 2 63407 38
120 1000008 6 38320 146
121 1000000 5 73439 106
122 1000001 4 16471 95
123 1000009 3 60809 101
124 1000000 6 44262 235
125 1000000 2 29935 179
126 1000004 7 91660 55
127 1000003 2 29144 14
128 1000005 1 35748 53
129 1000005 7 9392 69
130 1000005 2 55536 100
131 1000004 5 99741 10
132 1000000 3 83730 76
133 1000001 7 71334 24
134 1000002 6 64651 213
135 1000005 4 86859 151
136 1000004 1 81968 77
137 1000001 1 11796 73
138 1000005 7 93361 79
139 1000004 7 74245 66
140 1000001 2 74921 117
141 1000005 1 24479 223
142 1000003 4 85129 19
143 1000005 4 65200 176
144 1000002 5 15413 21
145 1000002 6 49541 74
146 1000006 7 96667 114
147 1000004 5 70816 63
148 1000001 5 74767 90
149 1000003 6 81414 37
150 1000008 3 16950 121
151 1000003 6 59681 207
152 1000007 1 41109 118
153 1000000 3 14021 201
154 1000000 5 15345 132
155 1000005 5 31535 172
156 1000006 2 5698 71
157 1000002 2 95456 87
158 1000006 2 13676 153
159 1000006 4 970 56
160 1000006 1 90340 49
161 1000000 2 56871 0
162 1000003 7 49831 160
163 1000002 2 35177 136
164 1000004 5 30516 158
165 1000004 5 54570 255
166 1000007 7 50637 150
167 1000006 2 85563 215
168 1000004 7 75570 235
169 1000008 4 75332 164
170 1000008 1 73833 4
171 1000004 4 76293 235
172 1000001 7 65757 240
173 1000008 6 36490 80
174 1000003 3 13908 113
175 1000003 4 16516 97
176 1000008 4 21311 36
177 1000004 7 59734 72
178 1000008 1 96591 191
179 1000002 2 72468 21
180 1000006 5 4107 200
181 1000008 7 39658 119
182 1000002 6 52235 113
183 1000003 5 30002 130
184 1000008 3 79370 134
185 1000002 1 84671 204
186 1000008 6 6698 28
187 1000007 2 72653 165
188 1000004 6 84661 23
189 1000007 3 24151 228
190 1000000 2 48158 131
191 1000007 3 88533 128
192 1000000 6 42064 5
193 1000006 6 29641 93
194 1000006 6 89326 246
195 1000002 4 91010 151
196 1000001 6 22764 27
197 1000006 7 8695 78
198 1000000 1 47988 109
199 1000009 7 70606 243
200
0 1000006 6 80304 168
1 1000001 7 957 39
2 1000003 1 94468 15
3 1000002 1 38708 130
4 1000001 1 84313 10
5 1000005 3 13936 198
6 1000002 4 1170 121
7 1000003 2 81039 223
8 1000008 7 4319 141
9 1000001 2 76755 124
10 1000000 2 87562 121
11 1000002 5 73 87
12 1000001 5 26225 123
13 1000004 3 90623 42
14 1000003 6 17273 127
15 1000001 3 64473 95
16 1000003 2 50715 145
17 1000000 1 29977 156
18 1000005 3 71005 159
19 1000000 7 40697 45
20 1000007 5 86182 71
21 1000009 5 46465 146
22 1000009 4 78020 217
23 1000001 5 24453 119
24 1000009 6 17336 33
25 1000007 1 79571 73
26 1000007 1 19845 192
27 1000003 4 49148 69
28 1000006 2 13676 173
29 1000005 3 57293 70
30 1000003 5 33927 241
31 1000005 1 95701 23
32 1000000 1 27137 150
33 1000000 7 57968 114
34 1000003 2 10086 16
35 1000000 1 50693 57
36 1000006 5 77805 217
37 1000008 1 98601 13
38 1000002 1 26203 115
39 1000001 6 36582 137
40 1000001 7 23869 154
41 1000003 6 79717 44
42 1000002 6 3995 3
43 1000001 6 60310 239
44 1000000 6 76844 1
45 1000003 7 91853 169
46 1000001 2 90986 142
47 1000001 2 25424 43
48 1000006 7 36295 253
49 1000001 3 78114 74
50 1000005 4 28708 114
51 1000003 7 64293 226
52 1000001 4 51488 163
53 1000000 4 5496 219
54 1000007 6 87396 122
55 1000008 4 72522 28
56 1000008 4 35225 60
57 1000007 3 39738 215
58 1000003 7 88707 84
59 1000003 7 15515 14
60 1000004 5 91756 65
61 1000006 4 76314 16
62 1000002 6 83992 22
63 1000000 2 4915 130
64 1000008 7 23909 80
65 1000007 3 88357 43
66 1000006 5 79926 83
67 1000001 4 37699 125
68 1000000 6 27340 136
69 1000000 7 29506 110
70 1000007 5 98287 251
71 1000007 7 2125 19
72 1000004 4 69227 110
73 1000006 1 59576 236
74 1000008 7 86306 87
75 1000008 2 39251 74
76 1000008 7 16302 95
77 1000000 3 95188 27
78 1000009 6 79735 139
79 1000006 3 78576 66
80 1000001 5 32742 72
81 1000009 3 92217 164
82 1000000 7 27826 25
83 1000003 3 8052 6
84 1000007 4 79283 76
85 1000000 5 85060 213
86 1000001 3 21484 125
87 1000001 3 33033 175
88 1000007 6 89065 141
89 1000007 6 27766 169
90 1000008 1 80506 0
91 1000009 6 77206 51
92 1000006 4 55174 234
93 1000009 3 54719 2
94 1000004 1 2279 83
95 1000009 6 45769 110
96 1000003 7 12085 181
97 1000004 3 6493 56
98 1000005 6 94878 153
99 1000002 6 18989 131
100 1000004 4 67168 135
101 1000004 5 42675 238
102 1000006 7 50743 42
103 1000006 1 68458 76
104 1000001 3 51597 247
105 1000009 1 97615 211
106 1000006 4 81001 136
107 1000007 1 71735 254
108 1000008 3 82706 215
109 1000003 5 10884 4
110 1000002 7 88654 134
111 1000000 3 4359 217
112 1000004 4 92150 126
113 1000006 7 66356 137
114 1000009 4 51452 138
115 1000000 3 23865 147
116 1000000 2 2878 101
117 1000002 3 36389 97
118 1000005 4 76899 64
119 1000000 1 13410 127
120 1000006 6 15522 194
121 1000004 2 35999 102
122 1000006 1 88204 215
123 1000006 3 9229 107
124 1000007 2 90353 236
125 1000006 4 92579 138
126 1000009 2 55966 235
127 1000003 6 65427 139
128 1000003 6 62187 192
129 1000000 3 69415 128
130 1000004 3 28514 213
131 1000000 1 12320 94
132 1000002 3 37577 115
133 1000003 7 82428 38
134 1000001 5 33351 231
135 1000005 5 99110 74
136 1000003 2 15517 154
137 1000008 4 99536 245
138 1000007 6 90941 173
139 1000004 2 59812 227
140 1000000 4 69446 204
141 1000002 2 78196 164
142 1000008 4 37288 227
143 1000002 3 47875 214
144 1000000 2 48586 111
145 1000009 5 56661 173
146 1000008 2 35553 71
147 1000004 5 78905 120
148 1000009 1 1959 248
149 1000000 7 71274 102
150 1000000 1 72493 175
151 1000002 4 23565 153
152 1000006 3 20361 4
153 1000008 5 60977 10
154 1000006 7 97001 85
155 1000002 2 88051 60
156 1000007 2 44871 114
157 1000001 3 6733 49
158 1000004 4 12632 48
159 1000003 6 49896 99
160 1000006 5 92362 125
161 1000007 6 85430 111
162 1000001 2 73325 41
163 1000005 6 25417 110
164 1000005 6 62413 183
165 1000004 2 58563 141
166 1000008 5 11760 13
167 1000008 5 19298 168
168 1000008 2 30825 113
169 1000003 7 53665 222
170 1000004 2 89999 158
171 1000000 4 65582 235
172 1000002 3 43515 53
173 1000002 5 91199 207
174 1000009 3 4763 208
175 1000007 4 99767 46
176 1000001 4 60987 242
177 1000000 7 91446 88
178 1000003 6 46062 201
179 1000005 7 89080 164
180 1000009 3 77805 234
181 1000009 7 54392 215
182 1000002 7 69440 75
183 1000003 6 27882 108
184 1000001 1 6390 214
185 1000001 4 71445 236
186 1000002 3 49448 66
187 1000000 1 52953 211
188 1000009 2 24435 153
189 1000002 1 14693 95
190 1000003 2 92145 100
191 1000001 3 5216 122
192 1000005 1 66120 76
193 1000005 1 68657 145
194 1000003 2 71978 121
195 1000003 7 90167 224
196 1000000 5 66498 207
197 1000004 6 63961 16
198 1000002 7 74983 122
199 1000001 3 4075 245
200
0 1000009 1 99259 221
1 1000001 2 50200 170
2 1000009 6 61695 52
3 1000003 4 9291 115
4 1000002 1 62758 224
5 1000005 5 57348 244
6 1000007 7 40533 67
7 1000009 5 38835 251
8 1000004 1 12361 11
9 1000006 6 15737 163
10 1000000 3 2903 105
11 1000009 2 46820 177
12 1000002 1 35043 62
13 1000001 2 73786 124
14 1000000 7 37650 81
15 1000000 4 45875 44
16 1000004 4 85443 234
17 1000002 7 76487 30
18 1000003 4 94594 129
19 1000005 2 74166 233
20 1000005 1 37431 156
21 1000003 1 9506 175
22 1000008 4 71917 6
23 1000002 6 47591 185
24 1000004 7 62280 4
25 1000002 6 76561 180
26 1000008 5 20745 138
27 1000004 3 19315 12
28 1000006 2 52661 197
29 1000001 5 82370 179
30 1000006 3 33310 162
31 1000007 1 40026 202
32 1000004 1 9220 244
33 1000002 2 86554 61
34 1000006 5 34483 193
35 1000000 6 57729 16
36 1000002 2 1447 65
37 1000007 6 64182 8
38 1000003 7 95166 124
39 1000008 6 8199 152
40 1000009 7 19554 105
41 1000008 7 60964 111
42 1000004 4 95635 39
43 1000002 4 6710 127
44 1000004 3 78060 8
45 1000000 5 44977 133
46 1000006 4 65655 7
47 1000005 5 88328 177
48 1000003 3 1884 28
49 1000005 4 2197 122
50 1000007 1 84300 232
51 1000000 6 72856 231
52 1000005 2 57934 162
53 1000009 3 91056 166
54 1000004 2 94089 206
55 1000004 1 35798 162
56 1000008 6 73039 214
57 1000008 7 37473 86
58 1000001 7 89348 70
59 1000004 5 53236 187
60 1000008 4 8516 134
61 1000007 3 15807 137
62 1000004 1 79393 53
63 1000009 4 95166 23
64 1000000 5 54540 105
65 1000005 2 59807 146
66 1000007 3 48833 207
67 1000005 1 73619 242
68 1000003 4 97275 100
69 1000008 4 89727 105
70 1000001 4 69942 76
71 1000006 5 49312 82
72 1000009 6 51609 165
73 1000000 4 54528 157
74 1000000 3 13903 124
75 1000008 7 97116 135
76 1000004 7 1753 23
77 1000005 1 48779 150
78 1000006 6 55956 113
79 1000002 7 76121 18
80 1000008 4 73901 229
81 1000002 2 56720 240
82 1000008 5 8186 48
83 1000001 4 39531 219
84 1000005 3 69823 99
85 1000008 6 57325 43
86 1000001 6 25406 7
87 1000007 1 53377 94
88 1000009 5 89095 37
89 1000005 4 71603 244
90 1000009 5 50982 141
91 1000000 6 26468 7
92 1000007 5 6787 69
93 1000009 5 51978 242
94 1000006 3 22398 103
95 1000004 4 53988 31
96 1000006 7 54589 100
97 1000006 5 47156 65
98 1000007 5 68560 98
99 1000005 7 78177 42
100 1000005 5 5957 58
101 1000002 6 76469 81
102 1000007 3 57473 48
103 1000001 5 41958 0
104 1000007 5 40380 135
105 1000008 2 25552 151
106 1000007 2 24779 199
107 1000004 7 69693 28
108 1000005 1 48577 156
109 1000006 3 85099 236
110 1000005 7 91612 138
111 1000003 6 77233 195
112 1000002 3 58361 188
113 1000001 7 60710 207
114 1000002 6 49079 253
115 1000000 2 95957 145
116 1000009 1 81938 0
117 1000001 5 16837 47
118 1000000 1 26618 95
119 1000008 1 46132 182
120 1000001 1 62027 115
121 1000006 6 36145 120
122 1000009 4 7353 82
123 1000005 2 39834 221
124 1000006 4 25059 94
125 1000006 7 64957 143
126 1000002 4 95438 199
127 1000003 2 13763 211
128 1000007 1 4524 48
129 1000003 4 24094 127
130 1000002 3 83006 30
131 1000005 7 1015 149
132 1000003 2 37653 91
133 1000000 3 62312 247
134 1000002 6 56237 81
135 1000001 1 28671 198
136 1000007 7 10680 172
137 1000002 7 8748 157
138 1000006 7 35689 76
139 1000008 5 14591 198
140 1000002 7 46185 77
141 1000008 3 51440 40
142 1000002 1 92786 143
143 1000007 7 76649 126
144 1000003 4 35896 92
145 1000003 7 49684 164
146 1000001 3 93937 250
147 1000004 7 1133 219
148 1000004 3 35759 14
149 1000004 3 73811 241
150 1000000 5 87226 203
151 1000003 6 11860 211
152 1000005 1 34108 189
153 1000008 1 42851 150
154 1000003 2 11968 46
155 1000006 2 20574 77
156 1000006 4 75595 191
157 1000008 1 86595 220
158 1000005 1 80343 36
159 1000007 2 54084 122
160 1000008 3 55874 254
161 1000003 3 87128 249
162 1000009 1 35891 107
163 1000000 3 91484 152
164 1000008 2 47458 25
165 1000007 3 10724 187
166 1000006 6 94086 91
167 1000002 1 68737 109
168 1000003 5 91447 112
169 1000007 3 89365 176
170 1000003 7 75268 26
171 1000002 6 42987 189
172 1000005 6 53709 182
173 1000009 4 24080 98
174 1000004 4 45281 96
175 1000009 3 78567 109
176 1000008 7 59265 238
177 1000003 7 63897 171
178 1000009 7 37686 172
179 1000008 5 47377 1
180 1000007 7 89136 218
181 1000005 7 3120 135
182 1000003 7 52527 4
183 1000008 2 4714 252
184 1000002 3 61359 196
185 1000009 7 62864 8
186 1000003 2 43869 58
187 1000003 2 29911 127
188 1000004 6 12887 67
189 1000009 5 4898 79
190 1000000 6 60053 26
191 1000009 2 46244 185
192 1000009 5 7695 130
193 1000009 2 83190 246
194 1000003 2 44145 200
195 1000008 7 29400 72
196 1000002 6 39941 115
197 1000007 7 34709 137
198 1000003 4 49105 110
199 1000006 7 96248 39
200
0 1000001 1 21197 181
1 1000006 4 57740 85
2 1000000 4 19980 253
3 1000006 1 54571 91
4 1000004 2 92552 55
5 1000001 5 31600 253
6 1000004 2 60306 188
7 1000005 4 57020 111
8 1000002 7 13916 233
9 1000000 3 37922 206
10 1000001 4 59656 74
11 1000002 7 40274 98
12 1000007 2 53374 166
13 1000003 2 91730 97
14 1000008 3 75994 221
15 1000007 5 92642 253
16 1000003 7 16969 25
17 1000003 6 33276 21
18 1000009 4 62239 185
19 1000005 2 44882 233
20 1000009 5 88213 161
21 1000005 2 59253 202
22 1000003 1 59285 155
23 1000005 2 61911 51
24 1000008 5 986 60
25 1000005 3 53597 170
26 1000004 2 70943 49
27 1000002 3 78149 126
28 1000004 7 96901 144
29 1000008 7 49900 167
30 1000007 7 29551 53
31 1000008 5 45189 162
32 1000009 1 95305 44
33 1000003 3 71824 142
34 1000001 6 59910 131
35 1000004 1 76099 59
36 1000002 7 2804 60
37 1000007 2 60263 54
38 1000005 7 61891 139
39 1000001 3 19680 166
40 1000006 4 25185 240
41 1000004 5 55184 49
42 1000006 4 9076 13
43 1000007 3 26873 17
44 1000000 3 22290 171
45 1000002 4 46500 110
46 1000008 3 1246 179
47 1000005 6 55741 201
48 1000006 3 56870 9
49 1000003 1 37259 0
50 1000004 6 62106 194
51 1000007 6 61498 59
52 1000005 7 45453 114
53 1000005 1 17997 206
54 1000009 3 83200 240
55 1000000 5 37765 42
56 1000002 3 66103 94
57 1000002 1 22064 47
58 1000003 1 33208 179
59 1000000 3 9661 50
60 1000004 4 44983 109
61 1000006 1 20785 56
62 1000000 7 63875 75
63 1000007 5 38085 200
64 1000007 6 13803 115
65 1000006 3 5165 176
66 1000004 6 61074 0
67 1000000 4 12870 91
68 1000007 4 73032 222
69 1000000 2 94261 29
70 1000001 6 92738 252
71 1000000 3 81319 241
72 1000004 2 56810 48
73 1000003 6 97872 124
74 1000008 5 78936 57
75 1000003 1 4912 144
76 1000001 5 35711 8
77 1000000 7 32862 37
78 1000008 2 85354 198
79 1000004 2 18210 251
80 1000006 7 5270 211
81 1000009 1 31742 136
82 1000001 3 92667 151
83 1000002 2 21118 16
84 1000001 2 60129 255
85 1000002 5 96560 4
86 1000003 5 78338 107
87 1000006 5 28557 78
88 1000003 3 92964 166
89 1000005 3 11162 195
90 1000001 6 17285 129
91 1000001 3 51877 255
92 1000007 3 9641 183
93 1000005 7 11571 248
94 1000001 3 79728 252
95 1000006 5 82236 203
96 1000001 7 77232 197
97 1000003 6 9815 131
98 1000000 2 96153 249
99 1000008 5 30572 65
100 1000005 3 72907 184
101 1000009 1 44737 82
102 1000002 1 44897 102
103 1000000 6 95403 212
104 1000009 6 8788 140
105 1000009 4 53758 149
106 1000009 3 72638 174
107 1000004 7 61976 213
108 1000006 4 9783 62
109 1000005 1 84247 31
110 1000008 6 4098 228
111 1000002 2 47152 98
112 1000001 7 10395 9
113 1000001 2 19421 249
114 1000000 5 16391 210
115 1000007 5 16294 199
116 1000008 2 58947 253
117 1000001 3 71185 30
118 1000003 4 54910 40
119 1000000 5 29972 227
120 1000009 1 47160 227
121 1000004 6 40457 152
122 1000001 2 4690 90
123 1000001 7 56635 98
124 1000000 3 58962 132
125 1000000 6 82390 85
126 1000002 1 57130 60
127 1000000 1 57351 146
128 1000001 3 15317 138
129 1000007 3 68508 95
130 1000004 2 89865 144
131 1000000 2 90660 158
132 1000006 1 90190 247
133 1000001 1 31646 28
134 1000006 4 58374 138
135 1000003 1 14955 145
136 1000008 4 37916 196
137 1000007 4 25955 41
138 1000001 7 22626 201
139 1000005 6 837 109
140 1000008 4 98071 226
141 1000007 1 28464 40
142 1000008 6 81826 78
143 1000005 5 46717 234
144 1000002 4 63854 240
145 1000005 7 47838 164
146 1000002 4 552 149
147 1000008 1 89591 130
148 1000003 1 82263 11
149 1000004 4 95190 50
150 1000009 7 29069 119
151 1000004 1 11520 193
152 1000002 2 72089 53
153 1000004 7 72204 136
154 1000000 5 87073 118
155 1000007 7 3078 255
156 1000008 4 20856 64
157 1000000 4 23093 157
158 1000005 2 63069 189
159 1000004 5 33530 51
160 1000009 2 91006 163
161 1000008 3 83131 194
162 1000001 6 81988 188
163 1000004 1 31002 45
164 1000003 1 83511 96
165 1000001 3 51878 136
166 1000001 7 24688 48
167 1000002 2 31990 114
168 1000004 1 79830 208
169 1000005 7 69638 67
170 1000004 3 64647 194
171 1000006 4 74599 204
172 1000001 4 46115 216
173 1000001 7 62853 30
174 1000002 5 29843 132
175 1000008 1 19666 129
176 1000000 7 87197 33
177 1000007 3 56311 234
178 1000004 7 72926 47
179 1000004 2 56798 196
180 1000007 7 97335 123
181 1000008 2 93791 8
182 1000003 4 55496 136
183 1000004 1 37677 250
184 1000003 2 18026 99
185 1000009 3 91986 131
186 1000008 3 46957 175
187 1000001 4 44201 200
188 1000009 3 61087 36
189 1000001 5 20023 125
190 1000001 4 18037 90
191 1000005 2 43467 25
192 1000005 1 28501 71
193 1000007 5 66560 205
194 1000008 1 50013 236
195 1000008 3 91307 183
196 1000003 6 40336 220
197 1000000 6 4155 202
198 1000001 7 95263 26
199 1000001 6 84519 13
