9 1 2 3 7 6 11 12 13 14
14 1 3 8 9 3 8 9 3 9 6 11 12 13 14
18 1 2 3 7 6 9 3 8 7 6 16 18 19 20 3 4 6 10
13 1 3 7 6 9 3 8 9 3 7 6 16 17
25 1 2 3 8 7 6 15 20 3 8 7 6 15 20 3 8 7 6 15 20 3 7 6 16 17
19 1 3 4 5 6 16 18 19 20 3 8 9 6 9 6 11 12 13 14
7 1 2 3 4 5 6 10
128 20 23 26 29 32 35 38 41 44 47 50 53 56 59 62 65 68 71 74 77 80 83 86 89 92 95 98 101 104 107 110 113 116 119 122 125 128 131 134 137 140 143 146 149 152 155 158 161 164 167 170 173 176 179 182 185 188 191 194 197 200 203 206 209 212 215 218 221 224 227 230 233 236 239 242 245 248 251 254 257 260 263 266 269 272 275 278 281 284 287 290 293 296 299 302 305 308 311 314 317 320 323 326 329 332 335 338 341 344 347 350 353 356 359 362 365 368 371 374 377 380 383 386 389 392 395 398 401
64 30 36 42 48 55 61 67 74 80 86 93 99 105 112 118 124 131 137 143 150 156 162 169 175 181 188 194 200 207 213 219 226 235 244 253 263 272 281 290 300 309 318 328 337 346 355 365 374 383 393 401 410 419 428 437 446 455 463 472 481 490 499 508 517
128 17 27 37 48 58 69 79 90 100 111 121 132 143 153 164 174 185 196 206 217 228 238 249 259 270 281 291 302 313 323 334 345 357 370 383 395 408 421 433 446 459 471 484 497 509 522 535 548 561 575 589 602 616 630 643 657 671 684 698 712 725 739 753 767 780 794 808 822 836 850 864 878 891 905 919 933 947 961 975 988 1002 1016 1030 1044 1058 1072 1086 1099 1113 1127 1141 1155 1169 1183 1197 1210 1224 1238 1252 1266 1280 1294 1308 1322 1336 1349 1363 1377 1391 1405 1419 1433 1447 1461 1475 1488 1502 1516 1530 1544 1558 1572 1586 1600 1614 1627 1641 1655
128 5 6 7 8 10 11 12 14 15 16 17 18 19 20 21 22 23 24 26 27 28 29 30 32 33 34 35 36 38 39 40 41 43 45 47 49 51 52 54 56 58 60 62 64 66 68 70 71 73 75 77 78 80 82 83 85 87 88 90 92 94 95 97 99 100 102 104 106 108 109 111 113 115 116 118 120 122 124 125 127 129 131 133 134 136 138 140 142 143 145 147 149 151 152 154 156 158 160 163 165 167 169 171 174 176 178 180 182 185 187 189 191 194 196 198 200 202 205 207 209 211 214 216 218 220 222 225 227
96 13 20 27 34 41 48 55 62 67 76 83 90 98 104 111 118 125 132 139 146 153 160 167 174 181 188 195 202 209 216 223 230 233 244 251 258 265 272 279 286 293 300 307 314 321 328 335 342 349 356 363 370 377 384 391 398 405 412 419 426 430 440 447 454 461 468 475 482 489 496 503 510 517 524 531 538 545 552 559 566 573 580 587 594 601 608 615 622 629 636 643 650 657 664 671 678
128 15 21 27 33 40 46 52 59 65 72 78 85 91 98 104 111 119 126 134 142 150 157 165 173 180 188 196 204 211 219 227 235 244 253 262 271 280 289 298 307 316 325 334 344 353 362 371 380 392 403 415 427 439 450 462 474 486 497 509 521 533 544 556 568 577 587 596 606 615 625 634 644 653 663 672 682 691 701 710 720 729 739 748 758 767 777 786 796 805 815 824 834 843 853 862 872 884 897 910 923 936 948 961 974 987 1000 1012 1025 1038 1051 1064 1076 1089 1102 1115 1128 1141 1153 1166 1179 1192 1205 1217 1230 1243 1256 1269 1281
128 25 38 52 65 79 92 106 119 132 146 159 172 185 199 212 225 240 255 270 284 299 314 329 344 358 373 388 403 418 432 446 459 472 486 499 512 526 539 552 566 579 592 606 619 632 646 659 674 690 705 720 735 751 766 781 796 812 827 842 858 873 888 903 917 932 946 961 975 990 1004 1019 1033 1048 1062 1077 1091 1106 1121 1135 1150 1164 1179 1193 1208 1222 1237 1251 1266 1280 1295 1309 1324 1338 1353 1367 1382 1398 1414 1430 1446 1462 1478 1494 1510 1526 1542 1558 1574 1590 1606 1621 1637 1653 1669 1685 1701 1717 1733 1749 1765 1781 1797 1813 1829 1845 1861 1877 1893
64 5 9 13 17 21 24 28 31 35 38 41 45 48 51 54 57 60 63 66 69 72 75 77 80 83 86 88 91 94 96 99 102 104 107 109 112 115 117 120 122 125 128 130 133 135 138 141 144 146 149 152 155 157 160 163 166 169 172 175 179 182 185 188 192
128 27 37 48 58 69 80 90 101 109 117 125 133 141 149 157 165 173 181 189 197 206 214 222 230 238 246 254 262 271 279 287 295 315 336 356 376 396 417 437 457 478 498 518 538 559 579 599 620 609 599 589 579 568 558 548 537 527 517 507 496 486 476 466 455 470 484 499 513 528 542 557 571 586 600 615 629 644 658 673 687 702 716 731 745 760 774 788 803 817 832 846 861 875 890 904 919 930 942 954 965 977 989 1000 1012 1024 1035 1047 1059 1070 1082 1094 1105 1117 1129 1140 1152 1163 1175 1187 1198 1210 1222 1233 1245 1257 1268 1280 1292
115 3 3 3 3 3 3 3 3 3 3 3 3 3 3 3 4 4 4 4 4 4 4 4 4 4 4 4 4 4 4 4 4 4 4 4 4 4 4 4 4 4 5 5 5 5 5 5 5 5 5 5 5 5 5 5 5 5 5 5 5 5 5 6 6 6 6 6 6 6 6 6 6 6 6 6 7 7 7 7 7 7 7 7 7 7 7 7 7 7 7 7 7 7 7 7 7 8 8 8 8 8 8 8 8 8 8 8 8 8 8 8 8 8 8 8
49 7 12 18 24 30 36 42 48 54 60 66 72 78 84 90 96 102 108 114 120 126 132 138 144 150 156 162 168 174 180 186 192 196 201 206 211 216 221 226 231 235 240 245 250 255 260 265 270 275
64 5 11 17 22 27 32 37 42 47 52 56 60 64 69 73 77 80 84 88 92 95 99 102 105 109 112 116 119 122 126 129 132 135 139 142 146 149 152 156 160 163 167 171 174 178 182 187 191 195 200 204 209 214 219 224 229 234 240 246 252 258 264 270 277
50 4 6 8 11 13 15 18 20 22 25 26 27 28 29 30 31 32 33 34 35 35 36 37 38 39 40 41 42 43 44 44 45 46 47 48 48 49 50 51 52 52 53 54 55 56 56 57 58 59 60
128 6 13 20 27 33 40 46 53 59 65 71 77 83 89 95 100 106 112 117 122 128 133 138 144 149 154 159 164 169 174 179 184 188 193 198 203 207 212 216 221 225 230 234 239 243 248 252 257 261 266 270 274 279 283 287 292 296 301 305 309 314 318 323 327 332 336 341 345 350 354 359 364 368 373 378 382 387 392 397 402 407 412 417 422 428 433 438 444 449 455 460 466 471 477 483 489 495 501 507 514 520 526 533 539 546 553 560 567 574 581 588 595 603 610 618 626 634 642 650 658 666 675 683 692 701 710 719 728
16 10 18 26 34 43 49 56 63 70 76 80 86 93 100 110 113
51 7 15 23 31 38 46 53 60 68 75 82 89 96 102 109 116 122 129 135 142 148 155 161 167 173 179 185 192 198 204 209 215 221 227 233 239 245 250 256 262 268 273 279 285 291 296 302 308 314 320 325
8 10 12 15 18 21 24 27 30
128 13 20 27 34 41 48 55 62 67 73 78 83 88 93 98 104 110 116 122 128 134 141 147 153 159 165 171 177 184 190 196 202 208 214 223 232 241 249 258 267 276 285 293 302 311 320 329 337 346 354 363 371 380 388 396 405 413 422 430 438 447 455 464 472 482 491 501 510 520 529 539 548 558 568 577 587 596 606 615 625 635 644 654 663 673 682 692 702 711 721 730 740 749 759 769 778 789 799 810 821 831 842 853 863 874 885 895 906 917 927 938 949 959 970 981 991 1002 1013 1023 1034 1045 1055 1066 1076 1087 1098 1108 1119
81 4 9 14 19 24 29 33 38 43 47 52 56 61 65 70 74 78 83 87 91 95 99 104 108 112 116 120 124 128 132 135 139 143 147 151 154 158 162 165 169 173 176 180 183 187 191 194 198 201 205 208 211 215 218 222 225 228 232 235 238 242 245 248 252 255 258 261 265 268 271 274 278 281 284 287 291 294 297 300 304 307
128 10 15 21 27 32 38 44 50 55 61 67 72 78 84 89 95 101 106 112 117 123 128 134 139 145 150 156 161 167 172 178 183 190 196 202 209 215 221 227 234 240 246 253 259 265 271 278 284 291 297 304 311 317 324 331 337 344 351 357 364 371 377 384 390 397 403 409 416 422 428 435 441 447 454 460 466 473 479 485 492 498 504 511 517 523 530 536 542 548 555 561 567 574 580 586 593 599 606 613 619 626 633 640 646 653 660 666 673 680 686 693 700 706 713 720 726 733 740 747 753 760 767 773 780 787 793 800 807
3 5 8 11 14 17 29 73
4 19 20
200
0 1001 1 34856 158
1 1011 3 94544 51
2 1014 7 27506 155
3 1018 1 70510 63
4 1031 4 33719 250
5 1037 1 19082 240
6 1040 4 99480 30
7 1046 6 62637 236
8 1051 6 3983 217
9 1055 2 55429 203
10 1061 5 29464 208
11 1062 6 3916 245
12 1062 6 66073 162
13 1069 4 339 237
14 1077 4 30418 51
15 1080 6 14654 31
16 1084 4 81593 118
17 1091 5 88948 101
18 1094 4 10132 30
19 1096 7 71445 212
20 1098 4 32154 45
21 1101 7 3115 111
22 1106 4 48957 6
23 1107 7 23081 55
24 1109 3 17736 60
25 1117 6 93199 51
26 1119 5 86867 137
27 1122 2 77686 201
28 1125 6 96137 44
29 1131 1 45928 15
30 1136 3 48627 185
31 1142 1 1289 172
32 1157 2 38620 6
33 1158 7 60042 5
34 1161 6 88582 58
35 1164 5 82730 135
36 1168 6 81981 68
37 1172 6 57402 61
38 1174 7 4645 164
39 1180 6 34495 180
40 1188 3 96862 77
41 1190 5 92811 76
42 1192 7 42633 195
43 1193 7 22170 8
44 1195 2 36447 29
45 1196 6 89153 136
46 1197 5 72564 135
47 1217 1 95463 141
48 1220 7 84440 198
49 1221 3 44349 81
50 1222 6 95474 87
51 1228 1 39967 90
52 1230 7 74096 150
53 1231 7 3672 184
54 1235 2 16507 214
55 1246 5 75021 2
56 1246 7 1974 26
57 1255 7 79256 122
58 1257 5 47324 96
59 1262 5 59184 168
60 1267 2 5402 56
61 1271 1 62682 61
62 1274 5 62222 245
63 1278 6 24268 76
64 1279 6 39659 191
65 1280 4 56453 227
66 1284 5 1719 130
67 1292 3 4440 42
68 1296 2 88963 250
69 1301 5 90274 139
70 1306 1 25236 229
71 1307 7 55849 189
72 1311 3 77222 61
73 1319 6 25720 194
74 1327 6 52204 249
75 1327 7 2870 139
76 1331 3 86409 83
77 1344 3 4190 26
78 1345 4 33007 163
79 1354 4 52888 39
80 1370 3 90610 59
81 1370 7 53733 128
82 1379 3 19001 124
83 1383 4 69124 199
84 1389 4 16497 75
85 1393 1 8005 6
86 1393 5 44034 52
87 1393 5 81565 183
88 1408 6 26026 87
89 1409 5 17786 237
90 1429 6 21389 162
91 1448 3 33462 177
92 1449 4 69942 46
93 1454 2 26496 109
94 1455 6 12292 100
95 1457 6 33694 158
96 1457 7 49810 39
97 1462 4 94717 88
98 1463 5 94157 23
99 1466 7 25732 190
100 1485 4 69573 240
101 1488 6 28937 243
102 1488 6 75933 32
103 1495 2 18102 107
104 1500 7 25967 211
105 1503 2 94539 193
106 1508 3 83162 239
107 1511 6 2659 70
108 1512 6 32725 1
109 1514 7 36148 143
110 1519 5 50897 114
111 1529 4 61726 155
112 1532 1 68195 249
113 1533 3 83942 184
114 1538 4 1269 203
115 1539 7 64921 130
116 1539 7 95924 169
117 1548 6 4288 88
118 1558 2 31846 196
119 1573 1 81761 230
120 1590 2 45850 93
121 1603 5 80139 79
122 1608 1 11811 182
123 1608 4 73865 245
124 1609 3 55033 243
125 1621 3 18911 19
126 1623 4 35292 112
127 1624 7 74681 57
128 1628 1 55328 251
129 1637 1 95218 69
130 1643 6 12757 53
131 1645 4 41694 31
132 1648 3 32099 220
133 1653 1 63236 129
134 1663 3 73105 156
135 1666 6 37622 130
136 1678 7 79961 45
137 1683 7 61475 207
138 1689 3 78070 16
139 1698 6 48616 185
140 1702 7 6784 176
141 1717 4 45021 39
142 1717 6 38167 49
143 1718 5 16648 42
144 1722 7 53617 43
145 1733 2 84561 190
146 1741 1 82471 15
147 1746 7 20734 148
148 1751 2 43550 134
149 1755 7 48910 72
150 1758 1 37085 253
151 1760 4 83808 38
152 1782 2 17685 78
153 1793 5 71038 194
154 1795 5 12279 16
155 1797 4 58600 141
156 1801 6 11360 44
157 1805 7 74569 197
158 1806 1 69693 77
159 1837 2 57788 245
160 1837 6 66549 29
161 1839 5 66389 58
162 1841 1 63575 133
163 1847 6 47236 249
164 1848 3 11472 139
165 1851 7 38242 186
166 1852 6 98956 63
167 1852 7 19308 189
168 1854 7 91518 6
169 1864 4 43986 47
170 1865 5 72229 69
171 1880 4 96857 234
172 1888 3 85124 34
173 1913 5 87847 228
174 1914 2 88922 245
175 1917 6 21293 142
176 1929 7 85758 231
177 1932 5 70681 48
178 1933 1 35909 0
179 1941 2 20236 137
180 1943 3 43083 199
181 1943 6 44644 223
182 1944 3 4183 43
183 1948 6 11695 99
184 1949 4 80240 248
185 1949 5 33393 210
186 1950 3 33183 70
187 1955 7 25392 14
188 1960 4 77300 31
189 1967 2 91170 64
190 1970 7 340 82
191 1974 1 77146 102
192 1974 6 98466 107
193 1981 1 92007 91
194 1987 1 23931 15
195 1988 2 29567 64
196 1988 7 96317 191
197 1994 4 7137 104
198 1994 5 49289 136
199 1996 6 32012 89
200
0 1001 2 38977 56
1 1015 4 86425 180
2 1016 5 26818 3
3 1018 4 5686 64
4 1021 2 43300 215
5 1022 7 43551 120
6 1026 2 1440 91
7 1030 3 85302 119
8 1031 7 97722 216
9 1035 4 947 144
10 1051 7 95954 47
11 1053 7 11726 123
12 1056 1 10526 20
13 1060 2 85908 120
14 1079 6 14942 80
15 1085 2 63030 125
16 1086 7 45544 38
17 1091 4 77897 87
18 1096 5 67000 183
19 1102 6 9530 50
20 1109 5 67058 230
21 1115 2 66667 234
22 1121 6 50365 151
23 1122 3 16318 52
24 1122 5 79655 0
25 1125 1 81525 240
26 1131 6 410 190
27 1134 5 9722 75
28 1153 1 29320 130
29 1153 5 931 14
30 1163 1 16537 231
31 1166 7 32904 209
32 1175 7 27652 113
33 1176 1 4233 7
34 1187 4 31030 217
35 1196 3 15678 234
36 1197 1 15288 140
37 1203 2 70164 13
38 1205 2 62889 0
39 1205 4 20915 1
40 1210 3 18866 56
41 1214 1 56457 13
42 1216 1 29201 137
43 1218 4 5376 172
44 1221 3 74236 139
45 1226 6 18256 200
46 1228 5 46081 238
47 1238 3 67011 21
48 1246 1 60411 82
49 1248 3 81864 106
50 1251 2 58010 193
51 1253 2 32664 169
52 1262 2 79508 183
53 1262 6 94566 117
54 1275 6 42072 44
55 1280 3 96419 152
56 1281 2 5546 112
57 1281 4 56645 161
58 1283 5 99539 122
59 1284 1 73941 196
60 1286 5 31577 140
61 1299 1 53085 110
62 1304 2 96712 220
63 1307 6 52516 16
64 1312 3 77255 241
65 1330 5 59514 98
66 1331 2 38018 1
67 1334 2 71095 151
68 1334 6 58505 195
69 1340 5 80267 88
70 1361 3 73938 114
71 1364 1 93661 102
72 1366 3 58502 207
73 1366 6 24455 22
74 1369 5 93416 190
75 1371 2 23550 245
76 1371 6 31683 6
77 1371 6 46859 207
78 1371 7 6241 161
79 1372 7 65404 129
80 1375 5 56184 239
81 1378 2 48548 143
82 1390 3 82717 171
83 1391 7 73855 27
84 1410 5 17182 149
85 1416 2 51978 61
86 1421 6 65648 6
87 1424 5 31053 167
88 1425 3 92170 62
89 1426 5 76138 216
90 1427 2 46776 243
91 1428 3 22939 252
92 1428 4 2243 240
93 1435 6 48720 110
94 1441 3 69399 209
95 1443 4 1560 55
96 1450 7 7084 78
97 1451 2 1225 112
98 1453 7 59412 16
99 1458 3 26219 59
100 1475 5 1599 108
101 1475 6 89442 24
102 1476 1 184 60
103 1477 1 68200 202
104 1479 7 32559 34
105 1495 3 61665 103
106 1501 4 16307 179
107 1505 6 32717 46
108 1513 2 26320 205
109 1513 2 82499 3
110 1517 7 12956 246
111 1536 2 38241 86
112 1542 5 35777 80
113 1544 1 53232 58
114 1550 4 50333 170
115 1558 3 7634 20
116 1562 1 68496 62
117 1563 6 20683 229
118 1565 6 96190 165
119 1570 5 71181 255
120 1571 3 63641 189
121 1577 7 84875 140
122 1581 3 29670 168
123 1583 2 96614 13
124 1594 4 15402 169
125 1597 1 53903 92
126 1600 4 35301 41
127 1606 7 78134 98
128 1609 5 42761 51
129 1621 1 63055 222
130 1626 5 63938 231
131 1627 6 70319 128
132 1629 3 41467 103
133 1645 6 37067 215
134 1648 6 79477 0
135 1649 4 76314 208
136 1651 3 38351 75
137 1653 1 83852 13
138 1654 1 83784 39
139 1660 1 73676 212
140 1666 7 52211 36
141 1667 4 83022 81
142 1671 2 79934 238
143 1679 7 80296 144
144 1680 2 95574 211
145 1694 6 31843 2
146 1707 6 1419 165
147 1715 2 25214 79
148 1715 2 91893 56
149 1720 2 59441 108
150 1727 1 81159 176
151 1740 7 41693 12
152 1749 1 15577 98
153 1760 6 69395 179
154 1776 1 77014 110
155 1786 7 15128 204
156 1790 5 47946 156
157 1791 5 95219 244
158 1793 1 3984 243
159 1795 7 36079 190
160 1819 2 69721 57
161 1819 3 9379 232
162 1824 5 70696 126
163 1827 1 41306 84
164 1833 1 41592 38
165 1838 1 9190 85
166 1843 3 83390 208
167 1844 3 96223 56
168 1849 5 68415 135
169 1850 6 67519 179
170 1851 7 50621 184
171 1855 3 20128 131
172 1859 5 96061 54
173 1860 2 97357 28
174 1866 7 87462 61
175 1867 1 66284 174
176 1868 7 46227 19
177 1879 3 91578 110
178 1882 5 92705 241
179 1884 4 86728 200
180 1898 4 81380 32
181 1901 6 83550 110
182 1905 4 90973 60
183 1917 2 26926 254
184 1929 2 80216 222
185 1931 4 49373 155
186 1932 3 1127 160
187 1937 3 78287 240
188 1939 5 35411 66
189 1940 1 18159 155
190 1940 6 4496 161
191 1946 1 95003 185
192 1946 7 75580 208
193 1965 2 88047 102
194 1976 7 18915 8
195 1991 3 1776 217
196 1992 4 28181 100
197 1996 3 87674 95
198 1998 2 26438 99
199 1999 5 6122 217
200
0 1011 2 54704 51
1 1017 4 71614 98
2 1018 5 52213 116
3 1039 3 49490 105
4 1044 5 25207 200
5 1044 7 12507 198
6 1045 5 36807 200
7 1048 7 95584 188
8 1055 3 21855 90
9 1060 2 20677 198
10 1064 5 58979 238
11 1065 6 72006 70
12 1078 3 82757 14
13 1083 2 92638 110
14 1090 7 9383 33
15 1091 5 6460 218
16 1095 3 90759 121
17 1099 5 29064 88
18 1099 5 82326 127
19 1108 5 60722 227
20 1116 5 6510 104
21 1118 2 7949 68
22 1138 7 30465 144
23 1140 6 94649 139
24 1155 1 40542 174
25 1157 5 72661 95
26 1162 3 1740 207
27 1164 7 98710 62
28 1170 1 40684 44
29 1174 5 11918 1
30 1174 7 47219 69
31 1175 4 87319 109
32 1175 6 86000 4
33 1182 4 64410 195
34 1187 1 16609 183
35 1189 2 65382 96
36 1190 4 17049 133
37 1192 6 7107 12
38 1213 5 76061 45
39 1222 4 50105 130
40 1224 5 30501 60
41 1236 2 16161 157
42 1237 6 34468 75
43 1240 4 39336 69
44 1240 4 67470 231
45 1248 6 67462 100
46 1248 7 11191 101
47 1251 5 69676 139
48 1252 6 87079 129
49 1259 6 6079 170
50 1262 4 40750 78
51 1263 6 29426 250
52 1272 6 43287 0
53 1275 2 30023 1
54 1276 4 96160 102
55 1291 3 40576 87
56 1294 5 47061 207
57 1297 5 65784 162
58 1304 6 385 1
59 1310 3 45883 36
60 1312 4 33709 1
61 1319 6 26858 93
62 1319 7 64631 79
63 1320 7 18979 189
64 1328 6 38645 45
65 1332 4 93520 31
66 1337 7 50836 204
67 1340 1 72331 2
68 1340 3 22399 99
69 1344 1 35592 183
70 1346 6 57613 107
71 1346 7 74207 61
72 1349 7 89073 154
73 1350 6 386 201
74 1351 5 29998 188
75 1362 6 25189 145
76 1364 1 3410 129
77 1369 1 73506 55
78 1374 4 56612 64
79 1375 3 99198 166
80 1378 1 17471 243
81 1388 4 84731 251
82 1389 1 87497 154
83 1391 7 20496 105
84 1395 2 15701 103
85 1407 5 44487 6
86 1420 1 57309 239
87 1420 2 83707 226
88 1430 4 53300 40
89 1453 6 44524 190
90 1453 7 60390 36
91 1455 5 42762 152
92 1461 2 93423 54
93 1465 4 59882 120
94 1468 1 39805 50
95 1468 5 81619 127
96 1469 1 91521 210
97 1482 5 40272 170
98 1485 7 28550 79
99 1492 4 19631 12
100 1501 7 13754 29
101 1501 7 34877 100
102 1503 7 72322 61
103 1504 2 49946 220
104 1505 4 94407 39
105 1507 7 87925 250
106 1511 3 94328 25
107 1513 5 26504 152
108 1520 2 48915 38
109 1524 2 66131 244
110 1525 7 85513 52
111 1541 1 91272 212
112 1542 4 25547 50
113 1546 7 90173 217
114 1555 6 65206 137
115 1559 2 95238 105
116 1571 1 79429 221
117 1576 4 80375 74
118 1586 6 56594 88
119 1591 3 27008 248
120 1594 4 63294 172
121 1603 7 36971 117
122 1607 1 60730 98
123 1609 1 61388 234
124 1610 1 90327 7
125 1615 2 64965 115
126 1616 4 12624 248
127 1617 7 39746 49
128 1622 6 61842 78
129 1628 2 36196 10
130 1634 3 21859 234
131 1638 7 24331 124
132 1644 1 7747 228
133 1645 3 39901 241
134 1662 1 59565 31
135 1664 1 17617 20
136 1667 3 36345 118
137 1668 1 54829 27
138 1668 2 23070 56
139 1669 5 25422 168
140 1693 5 96117 83
141 1701 2 18431 252
142 1703 1 87861 122
143 1706 4 95628 82
144 1708 3 46803 120
145 1713 6 75198 44
146 1715 2 99328 41
147 1719 6 81842 240
148 1728 6 99641 196
149 1741 7 81197 62
150 1747 7 34838 102
151 1753 2 61847 130
152 1761 3 91820 35
153 1762 7 20777 144
154 1768 2 58893 6
155 1778 3 38153 165
156 1799 7 51281 46
157 1802 4 37709 100
158 1803 3 57400 117
159 1811 6 40488 25
160 1828 7 43847 100
161 1830 7 68613 61
162 1834 6 75848 20
163 1836 4 36328 132
164 1836 5 982 226
165 1844 3 19067 173
166 1854 1 39584 143
167 1857 6 90131 179
168 1858 7 36564 120
169 1861 5 73204 80
170 1863 1 20498 87
171 1866 1 67297 119
172 1886 1 10548 226
173 1897 2 11934 221
174 1902 5 55071 97
175 1912 6 63063 43
176 1913 2 63012 82
177 1914 5 97596 191
178 1915 3 74785 14
179 1916 1 38019 207
180 1917 3 8951 85
181 1925 7 29775 48
182 1927 1 39347 255
183 1936 6 77557 22
184 1939 2 43040 6
185 1950 4 20923 58
186 1954 3 81444 44
187 1957 4 9450 238
188 1957 5 40287 127
189 1961 2 57322 9
190 1963 5 2724 172
191 1965 4 65936 244
192 1966 1 55564 19
193 1967 1 73655 94
194 1968 7 66325 0
195 1970 6 54048 106
196 1983 2 54426 238
197 1984 6 11971 177
198 1991 5 88180 150
199 1996 6 50956 183
200
0 1002 3 17054 66
1 1005 2 64018 193
2 1020 5 54746 96
3 1022 1 10372 91
4 1023 2 78298 101
5 1029 5 54217 6
6 1031 2 72475 54
7 1037 3 5568 161
8 1039 7 7515 142
9 1041 1 21514 118
10 1044 3 87608 161
11 1045 1 86086 55
12 1054 1 37740 176
13 1063 2 55997 149
14 1074 6 36923 49
15 1080 4 82674 46
16 1083 4 25659 58
17 1083 6 51936 99
18 1086 7 33786 50
19 1087 3 84871 53
20 1096 7 93778 247
21 1105 5 26211 110
22 1108 2 87069 218
23 1110 3 99933 49
24 1114 7 10655 4
25 1115 1 67872 30
26 1116 1 29572 149
27 1117 2 2346 116
28 1121 6 71133 81
29 1123 3 16673 177
30 1132 7 82250 61
31 1138 7 3675 213
32 1145 5 90109 11
33 1148 6 97931 200
34 1152 2 17309 20
35 1155 2 99658 58
36 1173 5 99089 104
37 1187 5 46834 181
38 1194 7 36636 218
39 1196 1 80203 131
40 1205 4 68349 163
41 1216 4 51466 28
42 1216 7 71907 43
43 1219 7 89030 42
44 1225 4 18694 205
45 1228 1 87225 241
46 1230 3 75772 51
47 1233 4 33975 25
48 1234 6 88019 56
49 1245 5 72056 138
50 1246 4 63460 74
51 1247 1 77580 12
52 1249 1 60935 193
53 1249 2 922 149
54 1251 2 43787 114
55 1254 7 46736 155
56 1255 5 54360 128
57 1258 3 36195 238
58 1264 7 67786 178
59 1267 5 12673 233
60 1269 5 24032 84
61 1271 2 94090 1
62 1273 2 85695 161
63 1273 7 85799 223
64 1277 6 11640 16
65 1279 2 23294 215
66 1286 7 94065 189
67 1295 4 15201 6
68 1297 6 91990 247
69 1300 3 13414 2
70 1314 4 58152 78
71 1333 7 30638 105
72 1348 1 94456 115
73 1351 2 71013 119
74 1356 6 53821 192
75 1372 4 53605 217
76 1374 4 12585 197
77 1378 2 42586 248
78 1384 2 14736 226
79 1386 7 23932 181
80 1391 1 27966 21
81 1392 6 39608 229
82 1398 6 47034 136
83 1403 4 35212 243
84 1416 2 48625 253
85 1417 2 71558 68
86 1421 6 58134 200
87 1426 1 95527 21
88 1426 2 40085 206
89 1430 2 7530 251
90 1434 7 73247 124
91 1438 3 82874 185
92 1440 1 15491 1
93 1440 1 84292 161
94 1440 1 84930 35
95 1451 2 86183 23
96 1451 4 65861 58
97 1458 5 13108 8
98 1470 6 89693 19
99 1473 5 90095 125
100 1474 5 46557 246
101 1474 7 22369 156
102 1486 3 42862 188
103 1487 2 41074 61
104 1490 2 69101 161
105 1500 1 79502 105
106 1515 3 96645 68
107 1526 4 11785 135
108 1534 5 61982 129
109 1545 3 29476 57
110 1549 3 16232 196
111 1551 2 21301 85
112 1573 3 47379 56
113 1576 2 70162 236
114 1595 1 88422 154
115 1598 2 99018 210
116 1601 1 16751 151
117 1602 2 34483 134
118 1602 4 55717 186
119 1604 5 39051 121
120 1605 1 78009 248
121 1606 1 63503 72
122 1608 6 32719 252
123 1611 6 56651 136
124 1613 5 14442 126
125 1615 2 29134 120
126 1617 3 71878 216
127 1618 4 17124 222
128 1624 5 43577 238
129 1626 7 49642 188
130 1632 1 85366 162
131 1635 7 85158 171
132 1643 3 63041 233
133 1646 5 73189 73
134 1647 5 99313 34
135 1675 2 87925 45
136 1675 7 56897 202
137 1694 4 52295 143
138 1694 5 61212 190
139 1702 3 98415 47
140 1703 3 40361 0
141 1703 3 79976 125
142 1710 6 54404 74
143 1716 5 50702 84
144 1717 2 79790 64
145 1717 3 24883 58
146 1718 2 43629 165
147 1724 4 5803 11
148 1730 5 46047 186
149 1734 4 93744 224
150 1742 2 96916 49
151 1745 7 59029 133
152 1747 4 14079 167
153 1748 3 23624 202
154 1756 7 35674 155
155 1758 5 13384 61
156 1762 4 76811 236
157 1765 2 91135 227
158 1765 6 70465 214
159 1769 6 17495 0
160 1769 6 50671 155
161 1790 1 4114 58
162 1790 4 52366 97
163 1804 4 7254 245
164 1817 1 8811 159
165 1817 3 40345 191
166 1828 2 2190 60
167 1842 3 27429 145
168 1842 7 63246 114
169 1846 3 31975 178
170 1854 1 93800 248
171 1860 6 77723 93
172 1864 1 93581 78
173 1873 1 34794 93
174 1874 6 32052 152
175 1878 4 27643 35
176 1884 5 469 27
177 1894 7 78624 70
178 1905 4 52743 204
179 1905 6 84249 57
180 1907 2 65545 75
181 1913 7 17301 222
182 1916 4 6397 44
183 1919 1 1372 113
184 1938 3 75176 223
185 1944 4 97552 156
186 1944 6 86489 113
187 1952 7 30590 133
188 1956 7 97901 224
189 1962 4 93287 97
190 1963 1 42209 86
191 1967 3 53716 192
192 1968 3 17366 132
193 1969 7 11319 166
194 1975 2 11740 156
195 1985 5 66439 105
196 1986 1 28058 235
197 1988 4 46600 210
198 1989 1 50096 100
199 1990 6 58540 225
200
0 1008 2 45553 75
1 1009 7 6645 225
2 1013 1 33050 13
3 1016 5 57206 226
4 1018 1 1840 151
5 1021 7 86397 44
6 1025 2 92263 211
7 1025 6 28552 108
8 1036 4 87901 218
9 1036 6 70880 63
10 1039 6 54125 239
11 1040 1 30466 174
12 1045 5 27495 199
13 1047 4 38761 124
14 1047 5 78142 40
15 1048 3 29998 107
16 1050 6 63530 47
17 1059 7 67370 56
18 1064 6 90607 224
19 1065 3 94308 165
20 1071 2 22104 252
21 1075 3 95844 59
22 1079 6 22591 252
23 1080 6 48302 35
24 1092 6 78045 160
25 1096 5 68250 255
26 1097 7 5119 61
27 1099 1 86157 12
28 1110 3 78227 150
29 1114 2 75762 103
30 1118 2 6680 154
31 1119 4 50199 12
32 1125 1 93554 37
33 1126 4 41310 235
34 1134 1 82669 25
35 1134 4 37193 174
36 1143 1 75160 18
37 1149 3 5700 242
38 1163 4 50088 28
39 1164 4 10587 228
40 1188 3 35836 151
41 1189 2 87887 15
42 1191 7 49232 178
43 1193 6 20088 189
44 1198 3 13972 155
45 1207 7 99595 94
46 1238 2 55209 166
47 1242 7 41602 167
48 1248 4 98750 36
49 1248 7 6401 149
50 1251 5 57617 190
51 1251 7 76004 189
52 1266 6 46568 207
53 1276 6 11596 111
54 1288 6 46928 181
55 1291 3 54337 0
56 1302 7 76791 11
57 1305 2 92432 73
58 1307 7 64778 177
59 1312 2 70894 205
60 1318 5 95981 93
61 1319 3 45461 54
62 1321 5 35964 101
63 1335 1 99909 246
64 1336 1 81146 100
65 1339 5 37192 17
66 1359 2 70299 158
67 1365 6 69051 201
68 1375 3 73211 249
69 1376 6 89219 6
70 1381 2 90059 159
71 1384 6 56023 21
72 1405 2 23526 17
73 1406 1 62721 153
74 1410 2 25207 66
75 1411 5 47391 227
76 1419 3 96068 232
77 1440 5 19716 197
78 1445 5 25386 27
79 1445 6 8242 199
80 1446 7 38816 19
81 1452 1 37967 69
82 1456 7 87454 167
83 1458 4 99272 109
84 1464 5 24695 78
85 1475 2 55029 253
86 1483 4 46070 5
87 1483 4 77341 210
88 1485 7 9513 203
89 1491 7 91927 173
90 1493 5 12550 149
91 1493 7 29869 148
92 1495 5 5114 99
93 1499 2 10251 4
94 1505 3 12450 106
95 1505 6 64726 220
96 1507 2 5203 22
97 1512 6 60712 158
98 1514 1 87629 202
99 1515 5 48966 229
100 1527 1 11988 226
101 1533 1 27278 121
102 1536 6 59219 191
103 1543 2 5955 248
104 1549 7 10875 100
105 1551 5 80407 43
106 1552 6 66404 237
107 1559 2 72605 19
108 1559 3 78394 223
109 1560 5 26201 197
110 1561 6 50485 185
111 1564 4 67302 4
112 1570 3 4436 238
113 1580 3 7584 237
114 1581 1 62782 22
115 1583 2 92706 57
116 1589 4 75063 233
117 1594 7 94320 68
118 1605 6 36001 130
119 1616 2 2735 85
120 1621 7 6793 105
121 1623 6 91690 156
122 1627 2 70525 86
123 1639 1 3541 234
124 1639 1 49861 38
125 1645 3 19686 176
126 1648 7 65597 75
127 1653 6 43808 134
128 1657 5 81856 164
129 1658 4 24274 233
130 1666 5 15667 219
131 1666 7 62353 19
132 1675 1 83185 244
133 1679 3 58695 251
134 1682 5 36068 161
135 1685 2 46144 30
136 1688 7 34256 188
137 1688 7 97873 56
138 1693 6 53694 171
139 1700 3 71878 23
140 1704 7 12760 171
141 1704 7 57691 245
142 1706 2 50774 13
143 1707 2 36041 137
144 1719 6 42312 47
145 1719 6 58594 98
146 1724 1 98371 210
147 1730 3 99945 59
148 1740 6 30024 123
149 1758 4 40062 143
150 1768 2 47361 27
151 1771 1 86305 48
152 1773 7 66066 218
153 1780 5 76205 59
154 1803 3 3445 228
155 1804 2 84918 147
156 1804 5 42574 210
157 1809 2 82326 139
158 1810 1 65462 221
159 1822 7 31525 190
160 1824 1 9962 110
161 1831 2 65254 59
162 1832 2 16898 208
163 1834 2 27212 192
164 1835 5 99526 193
165 1836 3 47494 209
166 1841 3 69510 191
167 1841 5 41057 145
168 1843 3 41152 51
169 1850 6 57666 142
170 1856 4 27528 103
171 1860 3 91274 44
172 1866 6 40799 202
173 1867 6 20950 213
174 1868 3 48043 42
175 1876 7 2425 45
176 1882 1 48370 147
177 1887 4 36935 237
178 1893 5 99325 48
179 1899 1 88324 108
180 1911 5 19834 77
181 1914 5 65250 241
182 1923 3 9801 2
183 1934 4 67600 133
184 1935 6 637 115
185 1939 7 52955 93
186 1940 2 45038 54
187 1941 1 34942 160
188 1948 6 17767 21
189 1952 5 15984 60
190 1952 5 64933 251
191 1953 6 22300 90
192 1959 3 85426 251
193 1967 1 13077 210
194 1971 2 42902 235
195 1973 7 97160 124
196 1986 3 14709 156
197 1989 3 67107 218
198 1992 1 11412 182
199 1994 7 13707 242
